-63.21 -27.02 586 -2.47 -0.12 2.59 -1.76 2.98 -0.77 26 X Y 
-73.84 -38.71 19 2.84 -0.05 -2.79 0.27 -5.66 -0.06 26 X Y 
171.58 -22.48 126 0.53 -1.18 0.64 0.94 0.77 0.63 25 X Y 
168.13 -19.20 13 -6.57 6.55 0.02 -1.62 -1.98 -1.34 25 X Y 
168.13 -19.31 12 -2.05 0.94 1.12 -0.96 0.25 -1.17 25 X Y 
139.94 26.94 511 -3.56 4.17 -0.61 2.32 -5.22 -2.61 25 X Y 
168.34 -20.68 17 -2.98 0.45 2.53 -0.63 0.58 -1.27 26 X Y 
102.45 -5.37 35 0.84 -0.54 -0.31 0.75 -0.50 0.43 25 X Y 
63.90 28.61 52 -0.64 0.54 0.10 0.29 0.42 0.41 27 X Y 
72.78 38.50 119 -0.27 -0.70 0.97 -0.89 -0.79 -0.56 25 X Y 
96.52 1.87 23 0.75 -0.43 -0.32 0.66 -0.79 0.38 25 X Y 
59.02 28.02 14 -0.20 2.42 -2.22 0.20 0.50 0.41 25 X Y 
-6.65 70.99 17 -0.34 2.17 -1.83 -0.33 0.71 1.79 25 X Y 
-175.13 -21.91 89 -0.15 0.82 -0.67 0.51 -0.65 -0.61 25 X Y 
94.68 24.46 104 1.81 -2.68 0.87 0.05 -1.37 1.47 25 X Y 
155.34 -7.04 425 0.92 2.94 -3.86 2.23 -4.63 0.69 25 X Y 
122.91 4.14 521 -5.05 1.49 3.56 -2.21 -5.52 2.00 25 X Y 
123.28 4.22 518 0.62 0.83 -1.45 -1.47 -7.01 -0.12 25 X Y 
-73.56 -36.63 18 1.00 -0.03 -0.97 0.03 -2.09 -0.13 26 X Y 
-74.11 -37.45 16 0.63 -0.03 -0.59 -0.03 -1.01 -0.07 25 X Y 
-74.00 -37.35 14 0.61 0.01 -0.62 -0.05 -1.06 -0.08 25 X Y 
-175.19 -20.93 112 -0.95 1.05 -0.10 0.44 -0.90 1.18 25 X Y 
-73.61 -35.67 12 0.56 -0.02 -0.54 -0.13 -0.91 -0.17 26 X Y 
121.57 -2.45 13 -0.14 0.98 -0.84 0.35 0.43 1.15 25 X Y 
162.60 55.80 25 -0.25 0.18 0.06 0.37 2.30 -0.01 25 X Y 
178.47 -25.95 567 -2.61 1.50 1.11 -1.95 6.71 -2.87 25 X Y 
172.52 -43.60 12 1.09 0.60 -1.70 0.31 -0.27 -1.20 25 X Y 
-95.20 17.98 128 -1.06 0.14 0.91 0.32 -0.05 -0.57 25 X Y 
-112.26 -29.68 20 -0.03 -1.37 1.40 -0.32 -0.03 0.52 25 X Y 
-69.73 -18.28 126 -1.44 -0.58 2.02 1.30 -2.12 0.10 25 X Y 
-26.68 -56.41 101 2.86 1.57 -4.44 -4.96 4.83 1.31 25 X Y 
160.69 -10.54 35 4.43 -1.78 -2.65 0.63 -0.75 2.68 25 X Y 
142.78 38.56 14 0.49 -0.02 -0.47 0.42 1.05 -0.13 27 X Y 
142.80 38.33 29 0.95 -0.05 -0.90 0.51 1.15 -0.29 25 X Y 
142.91 38.29 23 0.70 -0.02 -0.68 0.27 0.79 -0.23 25 X Y 
142.82 38.27 23 3.79 -0.28 -3.51 1.90 4.42 -1.04 25 X Y 
149.75 -6.26 51 3.75 -3.96 0.20 0.39 -0.21 -0.28 25 X Y 
116.71 -6.95 517 -0.92 0.94 -0.03 -0.19 -0.18 -0.10 26 X Y 
143.05 37.52 20 1.73 -0.28 -1.45 2.12 4.55 -0.66 29 X Y 
141.38 35.92 29 4.39 -0.31 -4.07 3.17 6.34 -1.97 27 X Y 
144.63 38.27 21 -3.03 0.03 3.00 -0.41 -0.34 0.47 27 X Y 
138.60 37.06 12 2.35 -1.43 -0.92 -2.03 -0.51 -1.96 25 X Y 
143.01 39.43 30 -2.84 2.25 0.58 0.70 1.07 0.45 25 X Y 
139.09 40.37 14 -0.00 1.92 -1.92 0.42 -0.47 1.48 25 X Y 
142.68 38.98 12 -1.93 1.08 0.85 0.41 0.03 -0.73 25 X Y 
142.84 37.57 14 -4.95 1.21 3.74 -3.62 -2.70 2.37 25 X Y 
141.53 37.23 46 1.67 -0.34 -1.34 0.93 1.22 -0.65 25 X Y 
141.81 35.74 12 -1.59 0.29 1.30 0.89 -1.37 -0.52 25 X Y 
142.62 37.77 20 -0.54 -0.34 0.88 -0.69 -0.81 0.13 25 X Y 
142.13 37.67 28 0.20 0.35 -0.55 -1.26 0.96 0.19 25 X Y 
138.58 35.27 19 0.38 -1.03 0.65 0.04 0.20 -0.66 25 X Y 
143.50 40.36 23 0.77 -0.03 -0.73 0.44 0.95 -0.16 25 X Y 
167.64 -17.32 22 2.10 0.05 -2.15 0.44 -1.41 0.41 25 X Y 
142.55 40.17 41 1.29 0.07 -1.36 0.56 1.21 -0.29 25 X Y 
120.99 19.16 50 0.95 -0.24 -0.71 -0.15 -0.41 -0.49 25 X Y 
144.00 37.11 12 -4.82 1.86 2.96 0.14 1.61 2.57 25 X Y 
141.78 37.38 30 -0.20 0.44 -0.24 -2.45 0.52 0.65 25 X Y 
143.81 39.84 13 2.14 0.05 -2.20 1.12 2.86 -0.57 25 X Y 
100.02 20.62 13 0.11 -1.50 1.39 0.34 0.32 1.67 26 X Y 
142.17 38.78 46 1.88 -0.04 -1.83 0.82 1.60 -0.49 25 X Y 
-179.26 -15.79 12 0.12 -1.25 1.14 -0.20 0.01 0.78 25 X Y 
142.09 38.40 22 -2.28 1.88 0.39 1.85 0.32 -0.64 25 X Y 
142.37 37.47 18 -1.64 0.13 1.51 1.55 0.90 0.77 25 X Y 
-177.34 -16.54 15 0.03 -4.22 4.20 0.09 0.55 0.59 25 X Y 
142.05 38.97 50 1.07 -0.00 -1.07 0.42 0.84 -0.25 25 X Y 
26.67 35.49 76 0.17 1.78 -1.94 0.58 0.31 -0.41 25 X Y 
-178.45 -17.65 562 0.52 0.09 -0.61 -1.05 -4.79 -0.04 25 X Y 
107.72 -10.10 21 -1.18 1.42 -0.24 0.27 -0.30 -0.89 26 X Y 
-94.12 17.28 154 -0.56 -0.29 0.86 0.91 -0.62 -0.57 26 X Y 
141.85 38.32 53 5.99 -1.43 -4.55 -1.11 -1.25 -1.65 26 X Y 
131.84 30.04 12 -1.04 -0.05 1.09 0.25 0.35 0.18 25 X Y 
140.54 37.00 12 -1.27 0.76 0.51 -0.01 0.44 -0.33 26 X Y 
140.85 35.42 16 -0.27 -1.88 2.15 -1.71 0.16 -0.48 25 X Y 
143.59 39.63 15 0.81 0.04 -0.85 0.42 1.12 -0.18 25 X Y 
-179.83 -34.40 100 -3.04 -1.31 4.35 2.05 6.56 0.99 25 X Y 
140.78 35.56 42 1.81 0.09 -1.90 -0.17 1.42 -0.28 25 X Y 
161.32 -10.47 77 0.37 -1.00 0.62 -1.39 -0.23 1.37 26 X Y 
142.91 39.21 30 1.05 -1.00 -0.05 -0.30 0.21 0.19 25 X Y 
122.80 -4.27 15 -0.26 1.67 -1.41 0.66 0.80 -0.47 25 X Y 
-82.39 6.88 21 -0.13 0.47 -0.35 0.28 -0.02 2.31 25 X Y 
144.17 38.24 14 -1.12 -0.39 1.51 0.11 0.37 0.84 25 X Y 
168.15 -20.29 18 -1.71 -0.17 1.88 -0.34 0.21 -0.66 26 X Y 
-84.31 10.01 85 0.20 0.76 -0.97 0.54 0.36 0.27 25 X Y 
141.67 37.31 41 1.23 -0.14 -1.09 0.40 1.06 -0.40 25 X Y 
70.62 36.45 210 0.78 -0.66 -0.12 0.75 -0.52 0.23 25 X Y 
-25.62 0.87 13 -0.08 0.24 -0.16 0.29 -0.07 -1.57 25 X Y 
154.44 -6.22 53 5.94 -3.01 -2.93 -0.75 0.60 3.22 25 X Y 
-74.41 -37.74 12 2.25 0.02 -2.27 -0.19 -3.40 -0.07 25 X Y 
143.96 37.35 21 -1.41 0.85 0.56 -0.37 0.41 0.99 25 X Y 
146.91 -56.00 12 -0.19 2.27 -2.08 0.37 -0.09 -5.14 25 X Y 
172.62 -43.52 12 0.30 0.55 -0.84 0.25 -0.19 -0.75 25 X Y 
126.35 2.74 82 0.63 2.91 -3.54 0.88 0.14 3.68 25 X Y 
151.21 -6.12 22 0.35 -2.41 2.06 3.48 -1.25 0.56 25 X Y 
-68.63 -21.89 131 -0.30 -0.36 0.66 -0.02 -7.58 1.50 25 X Y 
165.36 -11.55 22 -1.26 0.05 1.21 0.01 -0.10 -0.34 25 X Y 
142.51 39.99 41 1.05 0.05 -1.09 0.12 1.12 -0.03 26 X Y 
-171.77 52.09 74 -0.27 1.71 -1.44 9.22 1.11 1.84 26 X Y 
165.50 -10.69 51 1.78 -0.69 -1.09 -0.27 0.19 0.34 25 X Y 
136.61 -2.27 13 0.19 -4.17 3.97 -0.06 0.74 1.30 25 X Y 
-175.83 -29.22 22 -2.56 -0.28 2.84 -0.64 -1.07 -0.14 27 X Y 
-176.73 -29.15 23 0.84 -0.07 -0.77 0.19 0.65 -0.21 25 X Y 
143.33 37.98 22 0.49 -3.25 2.76 0.41 1.36 2.12 26 X Y 
122.11 9.65 17 4.13 0.12 -4.25 -0.29 -5.55 -0.25 25 X Y 
-22.85 -61.12 12 -0.49 0.25 0.23 0.32 0.07 1.45 25 X Y 
-72.19 -33.96 24 0.67 0.02 -0.69 0.12 -0.80 -0.05 25 X Y 
-161.07 54.50 46 1.72 -1.49 -0.23 1.11 0.78 -0.87 25 X Y 
71.36 40.28 29 1.33 -1.68 0.35 -1.47 0.01 -0.29 25 X Y 
162.20 -10.30 29 0.67 -0.25 -0.42 0.23 0.60 0.70 25 X Y 
142.10 38.96 47 2.82 -0.12 -2.70 1.20 2.50 -0.71 25 X Y 
141.66 37.70 48 2.67 -0.41 -2.26 0.95 2.38 -0.88 25 X Y 
150.61 -3.13 15 -0.29 3.91 -3.62 -0.10 -0.40 0.73 25 X Y 
-109.63 25.06 17 -0.07 -1.36 1.43 -0.35 0.01 -0.12 25 X Y 
179.92 -23.78 539 1.19 -1.36 0.17 -0.64 -0.51 -0.22 26 X Y 
141.16 37.00 53 3.86 0.09 -3.95 0.84 -1.41 -1.22 25 X Y 
171.49 -17.02 12 -1.68 1.59 0.08 -0.18 0.18 -1.00 25 X Y 
144.63 -3.39 12 -0.05 -0.09 0.13 0.06 0.09 1.03 26 X Y 
138.39 34.65 19 0.94 -0.97 0.04 0.42 -0.15 0.13 25 X Y 
155.28 48.70 44 1.62 -0.39 -1.23 0.33 0.47 -0.71 25 X Y 
-12.60 -6.89 18 -0.09 -0.49 0.58 -0.10 -0.03 1.01 25 X Y 
127.97 -2.17 28 0.37 0.89 -1.26 -0.17 0.21 0.75 25 X Y 
143.84 36.80 12 -2.18 1.24 0.94 0.22 0.58 1.06 25 X Y 
-176.73 -16.52 415 1.37 -1.57 0.20 -0.04 -1.85 1.71 25 X Y 
141.71 37.69 48 3.19 -0.07 -3.12 -0.17 -1.19 -0.61 25 X Y 
167.94 -18.52 33 5.28 -0.45 -4.83 1.27 -3.06 1.77 26 X Y 
167.88 -18.31 34 0.71 -0.01 -0.70 0.09 -0.36 0.21 26 X Y 
167.94 -18.26 36 4.08 -0.28 -3.80 0.79 -1.75 1.43 26 X Y 
103.93 -6.68 31 1.20 -0.92 -0.28 0.93 -0.59 0.62 25 X Y 
-74.66 -7.68 144 -3.31 -1.03 4.34 1.22 -1.20 -0.41 26 X Y 
167.65 -18.20 14 1.31 -0.11 -1.20 0.87 -0.87 0.72 25 X Y 
126.68 -6.47 469 -0.94 0.32 0.62 0.71 2.44 -0.09 26 X Y 
166.32 -12.56 52 1.26 -0.02 -1.24 -0.12 0.45 0.24 25 X Y 
-171.56 51.91 39 1.21 0.70 -1.90 0.65 1.43 0.74 26 X Y 
-63.08 -28.56 597 -1.08 0.74 0.34 -0.25 1.06 0.34 26 X Y 
-26.44 -56.57 99 3.49 -0.24 -3.26 -2.01 1.05 1.81 25 X Y 
169.72 -20.79 152 1.21 1.08 -2.29 3.03 -2.08 1.34 26 X Y 
-173.44 -15.18 54 -0.23 0.46 -0.23 -2.60 0.35 0.23 25 X Y 
97.86 2.88 95 -0.28 0.24 0.04 0.86 -0.98 -0.39 26 X Y 
-127.17 49.27 25 -0.62 -1.61 2.22 0.20 -2.78 5.14 25 X Y 
172.97 53.07 13 0.05 -0.17 0.11 -0.00 -0.74 -1.20 25 X Y 
-178.68 -35.18 12 -1.14 -0.15 1.29 -0.09 0.04 0.31 25 X Y 
141.54 36.22 28 1.75 -0.19 -1.55 0.73 2.08 -0.74 25 X Y 
-179.21 -21.61 625 -0.14 0.79 -0.65 -0.59 -0.74 -0.05 27 X Y 
143.22 40.20 22 0.71 -0.00 -0.71 0.44 0.94 -0.13 26 X Y 
143.28 40.28 28 0.92 -0.05 -0.87 0.33 1.07 -0.16 25 X Y 
88.35 27.44 46 -0.41 -2.32 2.73 0.90 -0.12 -0.63 26 X Y 
-175.02 -15.20 12 -0.37 2.57 -2.20 0.68 -0.53 3.58 25 X Y 
-178.73 -32.49 49 1.57 -0.26 -1.31 0.40 0.72 -0.69 25 X Y 
114.65 -9.69 58 0.46 1.10 -1.56 -0.54 0.09 1.65 25 X Y 
148.15 -6.90 33 4.26 -2.49 -1.77 3.69 2.51 -2.38 25 X Y 
123.77 54.17 22 -0.12 0.59 -0.47 0.02 -0.18 1.26 25 X Y 
151.10 -6.12 33 1.08 -1.19 0.12 0.72 -0.10 -0.30 25 X Y 
142.52 43.83 191 -0.76 0.93 -0.17 1.41 -0.25 1.40 25 X Y 
-175.72 -28.83 48 1.32 -0.16 -1.17 0.27 0.31 -0.69 27 X Y 
43.40 38.64 12 5.27 -5.86 0.59 2.13 -1.78 -0.61 26 X Y 
43.07 38.51 12 0.99 -1.03 0.04 0.16 -0.12 0.35 25 X Y 
-179.40 -17.98 609 -0.40 0.46 -0.06 0.50 -0.85 -0.37 25 X Y 
-76.12 -14.52 25 1.55 -0.19 -1.37 0.52 -2.87 0.61 26 X Y 
-109.32 19.93 17 0.04 -2.34 2.30 -0.15 -0.14 -1.41 25 X Y 
-129.08 -55.34 15 -0.25 1.45 -1.20 -0.33 0.03 1.76 25 X Y 
-85.98 11.60 173 0.96 -0.54 -0.42 0.48 -0.88 0.35 25 X Y 
125.77 27.13 231 -2.65 0.12 2.53 -0.84 -1.07 -0.55 26 X Y 
-124.57 -55.72 21 -0.09 0.83 -0.74 -0.13 -0.02 1.09 25 X Y 
126.89 -0.95 15 -0.95 2.57 -1.62 -0.53 -4.21 1.70 25 X Y 
-81.75 -1.88 16 -0.16 -0.06 0.22 0.05 0.19 1.16 25 X Y 
-65.18 -15.40 554 3.18 -0.22 -2.97 -4.01 7.18 1.51 25 X Y 
141.65 37.32 41 1.35 -0.16 -1.19 0.48 1.27 -0.46 25 X Y 
142.94 41.79 43 1.54 -0.36 -1.19 0.58 1.42 -0.68 25 X Y 
153.62 -5.77 33 1.72 -1.18 -0.54 0.76 -0.16 0.96 25 X Y 
118.97 15.54 12 -1.05 0.16 0.88 0.51 0.66 0.67 25 X Y 
-71.55 -28.03 23 1.12 0.12 -1.24 0.16 -1.09 -0.13 25 X Y 
-99.84 17.89 55 -5.61 5.37 0.24 -2.35 0.07 -1.02 25 X Y 
-27.78 -55.97 123 2.26 -2.33 0.06 -0.92 -1.41 1.09 25 X Y 
123.14 0.01 164 1.29 -1.23 -0.05 0.76 0.23 0.39 25 X Y 
146.83 -7.49 133 -0.09 -1.78 1.88 -1.17 4.72 1.32 26 X Y 
-173.61 -16.06 95 -0.13 -0.34 0.47 -0.90 -0.68 -0.52 25 X Y 
95.91 51.78 19 0.40 -0.83 0.43 0.45 0.12 1.12 26 X Y 
138.17 31.61 352 -0.37 -0.11 0.48 -0.26 -1.77 -0.52 26 X Y 
165.04 -10.56 42 1.87 -3.92 2.05 1.41 -3.30 -2.16 25 X Y 
92.98 2.59 24 -0.51 -2.96 3.47 -1.07 -0.90 -6.68 26 X Y 
-56.47 -60.62 14 -0.04 0.81 -0.77 0.03 0.26 0.14 26 X Y 
-56.22 -60.73 18 -0.02 0.92 -0.90 -0.23 0.58 0.16 25 X Y 
-93.35 14.85 60 -1.77 0.11 1.66 0.90 -0.79 -1.35 25 X Y 
-73.42 -36.50 22 1.11 0.06 -1.17 -0.02 -1.50 -0.16 25 X Y 
178.72 -25.00 582 0.13 -0.34 0.21 -1.29 -3.54 -1.93 25 X Y 
-76.05 -14.26 46 3.69 0.06 -3.75 -0.14 -2.74 1.66 25 X Y 
167.11 -17.69 21 -2.92 -1.20 4.13 -0.92 0.90 2.36 26 X Y 
167.13 -17.40 12 -1.57 -0.04 1.61 -0.23 0.36 0.34 25 X Y 
168.88 -19.02 156 0.81 -0.29 -0.52 -0.54 -0.93 1.27 25 X Y 
167.12 -17.94 12 -1.15 -0.08 1.23 -0.22 0.08 0.23 25 X Y 
123.26 10.03 12 1.05 0.07 -1.13 -0.09 -0.06 -0.70 26 X Y 
123.13 9.90 12 0.82 -0.93 0.11 -0.43 0.06 -1.16 25 X Y 
161.13 -10.44 57 2.45 -2.16 -0.29 -2.79 -0.58 3.39 25 X Y 
-177.10 -24.81 16 -0.14 -0.88 1.02 -0.14 0.36 0.84 25 X Y 
96.00 51.69 20 0.84 -0.70 -0.13 0.13 -0.26 0.97 26 X Y 
170.22 -22.33 24 0.00 -0.36 0.35 0.19 -0.03 0.86 26 X Y 
-63.27 -28.19 565 -1.48 1.05 0.42 -1.12 0.55 -0.53 25 X Y 
169.60 -19.06 12 -1.05 0.39 0.65 -0.02 -0.10 -0.63 26 X Y 
144.93 40.88 13 -3.50 3.11 0.38 -0.04 0.57 -0.13 26 X Y 
144.90 40.91 19 -1.90 0.50 1.40 0.56 -0.16 0.52 25 X Y 
140.89 35.83 23 -1.17 0.20 0.97 0.46 0.04 0.23 25 X Y 
151.00 -5.98 48 2.01 -2.21 0.20 0.70 -0.27 -0.46 25 X Y 
140.31 -3.92 59 -1.30 0.63 0.68 -1.89 1.94 -0.71 25 X Y 
-98.39 16.60 15 0.68 -0.56 -0.12 1.74 -0.66 0.24 27 X Y 
145.96 -6.26 127 -0.66 0.89 -0.23 -0.39 -0.11 -0.54 26 X Y 
-72.41 -35.31 34 2.92 -0.04 -2.88 0.41 -5.19 -0.47 26 X Y 
-104.19 10.29 12 -0.04 -0.47 0.51 -0.04 0.02 1.18 25 X Y 
142.22 39.76 14 0.84 -0.66 -0.19 -0.66 -0.19 0.86 25 X Y 
-98.35 16.58 12 -1.31 1.40 -0.09 0.68 -0.06 0.01 25 X Y 
153.55 -4.68 97 1.66 -0.54 -1.13 -0.56 0.65 0.96 25 X Y 
92.82 2.35 46 0.13 -0.62 0.49 -0.18 0.10 -0.69 29 X Y 
92.31 0.90 55 0.55 -1.90 1.35 -0.34 -0.29 -2.36 28 X Y 
-127.92 43.40 20 -0.07 -0.64 0.71 -0.56 0.11 -0.79 25 X Y 
-102.97 18.10 21 0.86 -0.82 -0.04 0.70 -0.39 0.31 26 X Y 
-113.09 28.90 16 -0.28 -1.30 1.58 -0.47 -0.66 -0.04 25 X Y 
-112.76 28.57 16 -0.21 -4.22 4.43 -0.93 -0.84 -0.64 26 X Y 
-65.76 -57.59 20 1.07 1.32 -2.39 -0.27 0.31 2.11 25 X Y 
168.66 -19.01 12 -3.20 3.63 -0.43 -0.88 0.39 1.32 25 X Y 
90.31 2.49 33 -0.06 -1.45 1.51 -1.44 -0.47 -2.32 25 X Y 
-71.69 -32.77 40 0.97 0.02 -0.99 0.09 -0.91 0.03 26 X Y 
147.16 -5.66 209 1.85 -2.27 0.42 0.39 -0.93 0.70 26 X Y 
-16.34 -59.26 13 -1.02 -0.54 1.56 0.05 0.31 1.96 25 X Y 
134.33 -1.57 18 -0.19 -0.25 0.44 0.04 0.14 1.19 26 X Y 
134.27 -1.62 12 -0.30 -0.38 0.68 -0.35 0.37 1.11 25 X Y 
-174.26 -18.79 141 -0.76 0.79 -0.03 0.85 0.41 0.25 26 X Y 
-93.35 14.38 13 1.06 -0.90 -0.16 0.67 -0.60 0.42 25 X Y 
-69.94 -18.00 119 -0.86 -0.80 1.65 1.85 -1.92 -0.76 25 X Y 
-80.51 -44.90 21 -0.26 1.60 -1.34 0.44 -0.10 -3.85 25 X Y 
11.44 44.89 12 1.47 -1.39 -0.08 -0.53 0.77 0.37 25 X Y 
143.58 39.61 17 2.06 0.03 -2.09 1.45 3.44 -0.34 25 X Y 
142.22 41.39 54 0.90 -0.03 -0.88 0.37 0.61 -0.23 25 X Y 
139.42 -50.48 12 -0.06 0.10 -0.04 0.05 -0.03 -1.29 25 X Y 
5.59 73.01 12 -2.89 1.25 1.63 -0.26 -0.60 1.69 25 X Y 
140.17 26.87 472 -0.74 0.34 0.41 -0.33 -0.35 -0.73 25 X Y 
-63.07 -28.25 592 -0.70 -0.07 0.78 -0.50 0.96 0.11 26 X Y 
-63.59 -22.08 549 -1.06 -0.01 1.07 -0.08 0.47 0.10 25 X Y 
-82.64 5.31 24 -0.33 0.72 -0.39 0.37 -0.03 3.34 25 X Y 
-82.60 5.42 18 -0.59 3.25 -2.66 0.61 0.41 1.46 25 X Y 
141.21 34.96 15 0.34 -1.99 1.65 0.37 -0.48 -0.05 25 X Y 
-70.97 -36.23 17 -0.27 0.18 0.09 0.39 -0.02 1.15 25 X Y 
-72.70 -15.98 120 0.20 -1.35 1.16 -0.24 -1.21 -1.27 25 X Y 
29.06 36.28 28 0.24 -1.66 1.42 0.88 0.12 -1.05 25 X Y 
142.15 38.92 47 2.65 -0.06 -2.59 1.01 2.32 -0.58 25 X Y 
171.49 53.30 22 -0.17 -1.02 1.19 0.00 -0.09 -0.78 25 X Y 
97.77 2.98 105 0.21 0.01 -0.22 1.09 -1.33 -1.24 25 X Y 
163.67 57.55 13 1.20 0.11 -1.31 0.17 0.67 -0.20 25 X Y 
84.72 43.42 28 1.16 -3.55 2.39 0.31 1.95 -1.24 25 X Y 
173.63 -40.05 230 0.37 0.88 -1.25 2.80 -2.07 0.31 25 X Y 
167.19 -14.74 169 4.04 -0.39 -3.65 -1.45 -0.83 1.96 25 X Y 
151.50 45.46 23 0.91 -0.37 -0.55 0.22 0.53 -0.50 25 X Y 
156.41 49.22 27 0.93 -0.29 -0.64 0.43 0.67 -0.47 25 X Y 
95.93 2.46 20 2.17 -1.54 -0.63 2.50 -2.80 0.99 25 X Y 
159.71 -9.84 25 0.16 0.19 -0.35 5.60 -0.55 1.68 25 X Y 
65.88 -17.47 25 -0.09 -0.90 1.00 -0.15 0.02 0.44 26 X Y 
153.07 -4.85 58 0.60 -0.70 0.10 0.33 0.18 0.13 26 X Y 
-74.36 -8.58 150 -1.03 0.23 0.80 -0.15 -0.95 0.47 25 X Y 
153.14 -4.93 54 1.34 -1.54 0.19 0.71 0.39 0.17 25 X Y 
-167.32 52.39 13 1.56 -0.90 -0.66 1.41 1.02 -0.86 25 X Y 
46.80 38.31 15 1.04 0.51 -1.55 0.88 -0.37 -5.85 25 X Y 
46.78 38.35 19 2.48 -1.07 -1.41 -1.78 0.44 -3.21 25 X Y 
82.52 35.88 17 -1.96 -0.58 2.54 0.79 -0.50 0.59 25 X Y 
145.70 49.97 598 3.84 -1.87 -1.97 -2.74 -0.51 -2.15 27 X Y 
120.00 -1.26 12 -0.70 2.74 -2.04 -0.28 -0.34 -2.78 25 X Y 
144.60 -4.92 80 2.09 -2.10 0.01 2.00 -0.44 0.57 25 X Y 
126.81 2.16 91 0.33 0.49 -0.83 -0.51 -0.07 0.19 26 X Y 
-89.17 12.02 12 0.62 -0.53 -0.09 0.98 -0.52 0.18 27 X Y 
-9.84 71.44 24 -0.01 1.10 -1.09 -0.05 0.23 1.19 26 X Y 
126.97 10.85 45 2.97 0.53 -3.50 -0.75 -0.43 -0.15 27 X Y 
113.91 -10.96 17 -3.07 3.37 -0.30 1.12 0.29 -1.17 25 X Y 
166.14 -12.58 34 -0.98 0.17 0.80 -0.65 -0.22 -0.59 25 X Y 
-85.64 10.00 30 1.85 -1.37 -0.48 2.61 -1.16 0.86 27 X Y 
134.99 -3.22 25 0.72 -1.33 0.60 -0.50 -1.66 -0.34 25 X Y 
100.32 -3.58 12 0.99 -0.47 -0.52 2.28 -1.86 0.55 25 X Y 
-110.29 24.92 12 -2.47 -0.63 3.10 1.01 -0.41 -0.88 25 X Y 
-178.08 51.56 15 -3.07 -1.91 4.98 4.04 1.97 -2.73 25 X Y 
-76.22 1.89 159 -0.75 0.76 -0.00 -0.28 0.06 0.42 27 X Y 
143.30 39.86 21 0.73 0.02 -0.74 0.60 1.01 -0.20 25 X Y 
-109.73 25.17 20 -0.04 -1.14 1.18 -0.22 -0.08 -0.22 25 X Y 
129.15 -4.57 12 2.25 -1.73 -0.52 0.45 0.03 1.14 25 X Y 
153.39 -60.65 21 -0.12 0.73 -0.61 0.10 0.11 -0.59 26 X Y 
133.97 -4.84 20 -0.77 -0.08 0.84 -0.13 0.35 0.17 26 X Y 
124.49 4.26 333 -0.94 -0.10 1.04 -0.84 -0.21 -0.16 25 X Y 
166.51 -13.52 47 1.71 0.18 -1.89 -0.75 1.62 -1.04 25 X Y 
-85.60 9.71 22 3.77 -3.06 -0.71 2.93 -2.06 1.76 25 X Y 
-132.06 52.61 12 4.08 -2.53 -1.56 3.26 -1.78 2.40 27 X Y 
-132.78 52.56 12 -4.31 1.58 2.74 0.42 -0.92 -2.31 25 X Y 
-132.11 52.15 12 -2.40 1.38 1.02 0.35 -0.61 -1.34 25 X Y 
126.48 9.23 46 1.50 0.12 -1.62 0.27 0.35 0.25 25 X Y 
-92.43 14.11 21 1.11 -0.88 -0.23 0.79 -0.53 0.41 27 X Y 
-128.85 48.90 12 -0.15 -1.92 2.07 -0.53 -0.39 -0.39 25 X Y 
-75.17 -8.88 133 -1.24 0.15 1.09 -0.03 0.32 0.56 25 X Y 
96.03 22.73 17 -0.04 0.12 -0.09 1.36 0.18 1.93 26 X Y 
-92.68 13.94 12 3.30 -3.04 -0.25 3.66 -2.21 1.24 25 X Y 
-142.97 57.70 16 -0.46 -0.27 0.73 -1.56 -1.21 3.59 25 X Y 
-77.54 -45.80 18 -0.03 0.60 -0.56 0.17 -0.26 -1.25 25 X Y 
-71.66 -29.32 69 -0.82 0.19 0.64 0.06 -2.06 0.86 25 X Y 
-100.48 18.30 53 -1.52 1.39 0.12 -0.40 -0.04 -0.54 25 X Y 
155.87 49.22 41 5.80 -1.68 -4.12 1.44 2.51 -2.83 25 X Y 
151.79 -5.90 20 -0.92 0.58 0.34 -0.34 -0.60 0.54 25 X Y 
145.71 -3.38 12 0.01 -0.08 0.07 0.25 -0.05 1.36 25 X Y 
167.45 -17.12 40 1.70 -0.91 -0.79 0.19 -0.36 1.07 25 X Y 
144.09 38.01 58 0.51 0.44 -0.95 0.08 -0.14 -0.16 27 X Y 
143.83 37.77 20 -0.65 -0.12 0.76 0.04 0.12 0.31 27 X Y 
143.90 37.94 25 -2.36 0.16 2.20 0.30 -0.08 1.04 25 X Y 
176.08 -38.31 165 1.30 0.22 -1.52 3.38 0.58 -1.45 25 X Y 
129.83 -6.65 159 1.03 -4.45 3.42 1.81 3.51 0.13 26 X Y 
126.20 0.65 31 0.89 0.28 -1.17 -0.05 -0.62 -0.72 25 X Y 
-119.61 31.08 21 -4.03 0.90 3.13 -0.53 -0.76 2.59 25 X Y 
173.96 52.31 33 0.71 -0.92 0.20 0.79 0.68 -0.13 25 X Y 
152.95 -4.88 57 1.50 -1.59 0.09 0.62 0.15 0.14 25 X Y 
123.93 -0.69 37 -0.11 1.51 -1.40 0.04 1.14 0.23 25 X Y 
167.17 -14.31 199 1.30 -0.11 -1.19 -0.35 0.09 0.29 26 X Y 
-134.97 55.69 14 0.01 -1.70 1.69 1.09 0.60 1.29 27 X Y 
-161.94 -62.60 12 -0.18 1.66 -1.48 -0.31 0.34 0.35 25 X Y 
96.02 4.95 17 -0.08 -1.56 1.64 -0.74 0.00 -0.31 25 X Y 
79.76 42.57 24 0.32 -2.26 1.95 -0.30 -0.20 1.04 25 X Y 
-71.18 -28.09 46 1.35 0.06 -1.42 0.23 -1.09 -0.39 26 X Y 
166.34 -10.42 12 -0.33 0.33 0.00 0.29 0.42 -1.45 25 X Y 
166.48 -10.64 12 -2.01 0.69 1.31 -0.12 0.01 -1.07 25 X Y 
165.39 -11.34 18 0.73 -0.24 -0.49 0.61 -0.78 0.32 25 X Y 
165.23 -11.15 13 2.65 -0.79 -1.86 2.40 -3.35 1.35 25 X Y 
165.30 -11.24 14 2.44 -0.89 -1.55 2.02 -2.72 1.34 25 X Y 
143.24 42.85 105 -0.33 0.67 -0.35 3.06 -0.16 0.21 26 X Y 
165.18 -10.90 12 0.44 0.79 -1.23 0.26 -0.37 0.70 25 X Y 
165.21 -11.18 20 0.62 -0.24 -0.37 0.44 -0.56 0.30 28 X Y 
164.86 -11.32 23 -5.42 0.63 4.79 -0.04 1.39 -1.51 26 X Y 
165.56 -10.44 14 -0.17 2.50 -2.33 0.32 -0.41 -2.77 26 X Y 
164.43 -10.69 13 0.24 1.34 -1.57 0.24 -0.52 0.86 25 X Y 
165.54 -11.34 16 -0.49 0.30 0.19 -1.33 0.40 -0.61 25 X Y 
165.05 -11.87 12 -1.26 0.44 0.83 -0.42 0.01 -0.63 25 X Y 
165.59 -10.94 15 -0.27 0.37 -0.11 -0.44 0.82 -1.29 26 X Y 
165.81 -10.91 12 -0.12 1.50 -1.38 0.03 0.05 -1.76 26 X Y 
165.92 -10.72 24 0.03 0.43 -0.46 -0.49 0.65 -4.62 26 X Y 
-77.40 1.16 152 -0.12 -0.73 0.86 -0.97 -1.07 3.30 26 X Y 
165.64 -10.93 19 -0.23 0.50 -0.28 -0.16 0.32 -0.81 26 X Y 
165.32 -11.02 12 -0.81 1.21 -0.40 -0.32 -0.12 -0.41 25 X Y 
142.51 67.65 12 1.11 -0.67 -0.43 0.24 0.07 0.80 26 X Y 
125.95 5.77 107 1.67 0.24 -1.90 -0.81 1.42 0.07 25 X Y 
-63.00 -27.89 586 -0.66 -0.47 1.12 -0.84 1.17 -0.54 25 X Y 
157.93 50.83 45 1.88 -0.58 -1.30 0.59 0.73 -0.88 26 X Y 
157.75 50.70 44 4.02 -0.94 -3.08 0.95 1.64 -1.86 25 X Y 
157.90 50.68 41 0.72 -0.23 -0.48 0.22 0.27 -0.35 26 X Y 
148.37 -6.71 12 -0.22 -1.18 1.39 -2.58 1.35 7.33 25 X Y 
-23.87 -59.10 35 0.73 -0.82 0.09 -0.07 0.69 0.52 25 X Y 
160.36 50.68 12 -1.17 0.67 0.51 0.35 0.44 0.71 25 X Y 
173.45 -20.76 14 -0.11 -1.31 1.42 0.16 0.31 -0.46 25 X Y 
-90.71 14.62 186 0.73 -1.46 0.73 1.54 -1.78 -0.03 25 X Y 
120.84 23.91 23 0.86 0.01 -0.87 -0.17 -0.77 -0.07 25 X Y 
143.23 39.56 23 0.60 -0.01 -0.59 0.39 0.78 -0.15 25 X Y 
131.02 42.77 572 0.66 -0.25 -0.41 0.10 -3.09 0.45 25 X Y 
138.49 -3.33 74 -2.30 -1.48 3.78 1.14 -0.18 1.03 26 X Y 
51.62 28.27 12 2.40 -0.85 -1.55 -0.72 0.50 3.10 25 X Y 
169.51 -19.10 273 0.51 -0.37 -0.14 0.20 -0.77 -1.00 25 X Y 
154.56 -6.74 29 6.37 -3.54 -2.83 3.36 -3.20 3.47 25 X Y 
62.21 27.89 51 -4.32 4.28 0.04 1.40 1.39 1.95 27 X Y 
142.61 -3.13 18 0.53 -0.24 -0.29 -0.07 0.72 0.52 26 X Y 
150.92 46.00 104 -0.19 0.45 -0.26 0.79 0.38 -0.06 27 X Y 
157.95 49.92 18 1.26 -0.39 -0.87 0.48 0.80 -0.61 25 X Y 
103.12 30.22 22 0.95 -0.11 -0.84 -0.04 0.16 -0.45 26 X Y 
157.58 49.97 23 1.30 -0.42 -0.88 0.47 0.73 -0.62 25 X Y 
138.88 30.02 430 -1.34 1.58 -0.25 0.15 -1.02 0.56 25 X Y 
-102.19 18.05 27 1.28 -1.01 -0.26 -0.69 0.64 0.73 25 X Y 
152.32 -3.82 14 0.11 6.57 -6.68 -0.08 -0.52 1.27 25 X Y 
-178.82 -28.67 356 0.37 -1.30 0.94 -1.05 -1.36 -0.48 25 X Y 
57.73 26.55 12 -0.14 -0.97 1.11 0.60 0.14 1.86 25 X Y 
-174.74 -17.89 242 -2.13 1.95 0.18 -0.92 -3.03 1.71 25 X Y 
145.35 18.67 605 -1.04 -0.58 1.62 -1.28 0.08 -0.97 26 X Y 
141.72 37.71 50 1.00 -0.14 -0.85 0.35 0.82 -0.36 25 X Y 
-80.99 -44.95 19 -0.23 1.37 -1.14 0.47 -0.09 -3.28 25 X Y 
160.81 52.34 18 0.93 -0.37 -0.56 0.55 0.66 -0.46 25 X Y 
160.34 52.19 29 1.58 -0.54 -1.04 0.89 1.03 -0.78 25 X Y 
-176.88 -23.19 188 -0.41 -0.06 0.47 -0.43 -1.50 -0.01 27 X Y 
-175.29 -20.67 160 -0.41 0.69 -0.28 -0.81 -2.99 0.86 25 X Y 
153.77 54.61 611 -1.67 0.38 1.28 -0.78 -3.57 0.16 28 X Y 
151.48 52.36 642 -1.27 0.54 0.73 -0.24 -0.95 0.52 26 X Y 
120.82 23.84 19 2.03 0.11 -2.14 -0.57 -2.25 -0.35 25 X Y 
166.00 -11.47 47 1.42 -0.06 -1.36 -0.01 0.10 0.33 25 X Y 
107.37 -10.15 13 -0.90 0.92 -0.02 0.30 -0.11 -0.56 26 X Y 
179.63 -33.82 200 0.76 0.05 -0.81 -0.10 0.99 -0.39 25 X Y 
25.06 34.20 12 0.48 -0.83 0.35 3.66 -0.64 -0.12 25 X Y 
-87.30 11.62 39 4.87 -3.63 -1.25 1.88 -1.34 2.63 25 X Y 
25.19 34.22 20 0.16 -0.31 0.15 1.74 -0.71 -0.09 25 X Y 
-42.46 10.91 18 -0.33 -0.83 1.16 0.67 1.64 -5.83 25 X Y 
96.68 4.74 16 -0.04 -1.51 1.55 -1.07 -0.17 -0.52 25 X Y 
155.68 -7.22 41 1.26 -0.91 -0.36 -0.11 -0.38 0.78 25 X Y 
100.22 -3.58 21 0.87 -0.38 -0.50 1.10 -0.72 0.46 25 X Y 
153.98 -4.10 383 -1.10 0.24 0.86 0.27 0.14 -0.42 27 X Y 
149.78 -6.21 53 0.79 -0.04 -0.75 0.11 -0.28 -0.30 26 X Y 
-23.51 -61.05 22 -0.30 0.24 0.06 0.35 0.00 1.18 27 X Y 
-71.83 -15.73 12 -1.10 1.14 -0.04 -0.13 0.02 -0.41 25 X Y 
174.17 -41.63 12 1.42 4.62 -6.05 -3.65 1.60 -1.95 25 X Y 
104.31 34.60 17 0.61 0.44 -1.05 -0.47 0.02 0.69 25 X Y 
34.93 -45.89 21 -0.08 1.99 -1.91 0.26 -0.14 2.81 25 X Y 
-176.81 -23.23 169 -0.12 0.17 -0.05 -0.34 -0.97 0.22 25 X Y 
167.32 -15.30 131 1.39 0.19 -1.58 -0.53 -0.20 0.19 25 X Y 
-23.51 -58.12 17 -0.29 -2.45 2.75 -0.78 1.12 1.13 25 X Y 
-173.29 -15.16 56 0.03 0.26 -0.28 -1.03 0.48 0.09 25 X Y 
129.83 -7.24 105 1.30 -1.41 0.12 1.02 0.48 0.22 25 X Y 
-179.58 -30.46 348 -1.23 -0.81 2.04 -1.05 -0.11 0.40 25 X Y 
-82.13 -5.52 12 -2.49 -0.16 2.65 0.26 -0.43 -0.32 25 X Y 
-78.19 5.77 21 -0.54 1.19 -0.65 0.09 0.31 0.33 26 X Y 
174.04 -41.76 12 1.28 5.03 -6.31 -3.18 2.83 -3.02 25 X Y 
54.12 -34.89 12 -0.32 0.42 -0.10 0.03 0.17 2.29 25 X Y 
-99.54 17.00 23 1.48 -1.30 -0.18 1.38 -0.96 0.49 25 X Y 
179.84 -27.73 492 0.62 -1.24 0.62 1.02 -0.46 -2.41 25 X Y 
-175.12 51.44 27 2.52 -2.26 -0.25 2.18 1.17 -0.90 26 X Y 
-174.87 51.30 19 0.91 -0.76 -0.15 0.85 0.35 -0.35 25 X Y 
128.24 -7.61 128 4.48 -4.08 -0.39 4.33 1.39 2.65 25 X Y 
-130.61 51.11 12 -0.10 -0.53 0.63 0.00 -0.48 1.45 25 X Y 
138.79 30.02 412 -2.80 2.56 0.23 2.41 -6.17 -1.64 25 X Y 
-130.43 51.14 17 -0.01 0.19 -0.18 0.05 -0.55 1.13 25 X Y 
-174.82 51.37 21 5.61 -4.95 -0.66 3.97 2.35 -1.97 25 X Y 
-174.85 51.41 26 0.95 -0.74 -0.21 1.09 0.24 -0.40 25 X Y 
-45.03 15.29 12 -0.22 -0.26 0.48 0.00 0.05 -1.13 25 X Y 
122.31 20.24 188 -0.76 0.35 0.41 -0.52 0.24 0.72 25 X Y 
-92.11 14.54 80 0.12 -1.46 1.34 4.13 -3.58 -0.21 25 X Y 
-104.84 -4.45 16 -0.14 0.48 -0.34 -0.06 0.13 1.43 25 X Y 
-174.67 51.51 24 1.31 -1.21 -0.10 0.91 0.54 -0.49 25 X Y 
119.92 -7.32 551 -1.00 1.34 -0.34 0.53 0.82 0.09 25 X Y 
65.04 26.70 12 0.52 -3.88 3.36 3.72 -2.24 0.02 27 X Y 
-114.25 -50.03 12 -0.01 0.40 -0.39 -0.09 0.02 1.25 25 X Y 
-74.81 -16.03 46 3.61 -2.25 -1.36 1.54 -1.54 2.65 26 X Y 
65.50 27.11 15 0.26 -1.47 1.21 0.40 -1.84 -0.84 26 X Y 
-177.99 -30.83 51 4.56 -0.21 -4.35 0.28 2.12 -1.43 25 X Y 
152.81 53.20 586 -1.07 1.25 -0.18 -0.44 -0.87 0.04 26 X Y 
78.21 -38.64 12 -0.44 -4.42 4.86 0.65 0.32 -0.62 25 X Y 
141.72 12.14 116 0.53 -0.55 0.01 1.06 -0.80 -0.06 25 X Y 
-98.18 -36.41 25 -0.08 -0.17 0.25 0.39 -0.47 -2.45 25 X Y 
-178.43 -30.57 156 2.05 0.08 -2.13 -0.34 1.41 -0.00 25 X Y 
-62.15 10.86 78 0.33 -0.27 -0.05 1.01 0.36 0.40 25 X Y 
23.37 35.37 15 0.12 -0.06 -0.06 1.51 -0.84 0.10 26 X Y 
123.96 9.84 12 4.97 -2.91 -2.06 -1.02 -0.30 -3.53 26 X Y 
154.93 -6.69 46 1.81 -1.06 -0.75 0.02 -0.16 0.96 26 X Y 
-110.53 26.19 16 -0.00 -0.88 0.88 -0.01 -0.11 -0.09 26 X Y 
-176.74 -23.08 168 -0.02 0.07 -0.05 -0.37 -1.11 0.26 25 X Y 
-13.70 -58.42 23 -0.07 -0.23 0.31 0.01 -0.07 1.11 26 X Y 
144.66 37.17 25 -6.29 0.05 6.24 -1.38 -0.64 0.23 26 X Y 
154.43 -61.73 15 -0.04 0.91 -0.88 -0.06 -0.03 -0.66 25 X Y 
-73.48 -35.43 12 1.61 -0.04 -1.57 -0.71 -2.44 -0.53 25 X Y 
121.39 23.64 20 2.03 -1.59 -0.45 1.28 -1.82 -1.92 25 X Y 
-71.86 -30.46 36 5.52 0.23 -5.75 0.55 -3.75 0.02 25 X Y 
-112.60 -23.69 15 -1.22 1.22 0.00 0.20 -0.23 -0.46 25 X Y 
-172.26 -19.33 12 -2.60 -0.03 2.63 0.09 1.17 0.73 25 X Y 
123.28 4.76 543 -0.31 0.46 -0.14 -0.49 -0.83 0.21 25 X Y 
162.29 54.79 30 0.66 -0.22 -0.44 3.59 6.04 0.61 25 X Y 
-47.52 -60.50 17 -0.25 -0.02 0.27 0.11 0.62 1.24 25 X Y 
-47.00 -60.54 17 -0.39 0.60 -0.22 0.50 1.04 2.33 26 X Y 
-45.32 -60.49 24 0.06 1.21 -1.27 1.56 3.95 3.86 27 X Y 
128.34 2.79 38 0.69 -1.40 0.71 0.19 1.32 -0.50 25 X Y 
145.18 18.54 515 -1.26 0.23 1.03 -0.01 0.47 0.27 25 X Y 
-176.38 -17.09 387 2.50 -0.11 -2.39 -2.75 -5.90 -0.51 25 X Y 
151.20 45.57 36 0.90 -0.36 -0.54 0.14 0.49 -0.53 25 X Y 
-54.59 -54.05 16 0.19 -2.20 2.02 -0.75 0.26 2.08 26 X Y 
128.29 -7.02 13 4.91 -6.04 1.13 -3.00 -2.04 -2.21 25 X Y 
96.58 1.91 21 0.68 -0.42 -0.26 0.71 -0.88 0.35 25 X Y 
149.24 44.53 28 0.33 -0.06 -0.28 1.55 0.45 -0.82 25 X Y 
146.99 20.86 12 -2.39 0.91 1.48 0.02 0.34 -1.16 25 X Y 
167.10 -13.89 198 0.74 -0.04 -0.71 -0.24 -0.05 0.21 26 X Y 
-66.82 19.22 22 0.81 -1.31 0.50 -1.26 3.22 1.59 25 X Y 
175.80 -40.67 24 -1.54 0.90 0.64 1.33 2.75 0.79 25 X Y 
-174.86 -15.27 12 -0.23 1.56 -1.33 0.39 -0.19 1.75 25 X Y 
109.27 -8.36 76 -1.28 1.18 0.10 -1.56 0.58 -0.34 25 X Y 
20.40 38.08 15 0.78 0.74 -1.52 0.31 -0.29 1.46 25 X Y 
-26.72 -56.97 132 -0.45 1.07 -0.63 -1.35 -0.99 -0.96 25 X Y 
-177.69 -32.97 51 4.99 -2.08 -2.91 -1.40 -0.66 -2.87 25 X Y 
20.37 38.07 12 0.75 0.30 -1.05 0.30 -0.24 1.05 25 X Y 
167.29 -15.13 127 6.59 0.37 -6.97 -1.36 -0.31 -1.15 25 X Y 
82.57 36.22 18 -0.28 -2.23 2.51 0.27 -0.05 1.60 26 X Y 
-58.89 14.76 14 -3.35 -3.36 6.70 1.70 0.10 0.68 25 X Y 
-171.87 53.60 275 0.30 -0.59 0.29 1.47 -1.11 -0.59 25 X Y 
-87.91 12.52 62 0.84 -0.55 -0.28 1.91 -1.98 0.61 25 X Y 
127.46 27.34 125 -2.69 -1.47 4.16 -2.40 -3.28 -3.86 25 X Y 
-93.25 14.35 16 0.71 -0.60 -0.11 0.81 -0.58 0.21 25 X Y 
169.80 -14.64 661 -0.31 1.80 -1.49 -2.64 3.33 -0.69 25 X Y 
-125.23 40.80 15 -0.06 -2.84 2.90 0.21 -0.08 0.48 26 X Y 
147.95 -5.54 265 0.50 -0.89 0.40 0.53 -0.52 -0.17 25 X Y 
-19.92 -61.01 18 -0.28 -0.76 1.03 0.27 0.28 4.85 25 X Y 
148.51 -3.11 12 -0.07 1.39 -1.32 0.26 0.35 1.36 25 X Y 
131.82 33.62 83 1.07 -0.37 -0.71 -1.06 3.00 -1.66 25 X Y 
-76.53 -14.10 22 1.18 -0.05 -1.13 0.29 -1.56 0.42 25 X Y 
-81.10 -5.65 33 3.25 -0.53 -2.72 -0.77 1.16 -0.53 25 X Y 
-70.92 -19.94 12 0.93 -0.68 -0.25 0.35 -0.88 0.30 26 X Y 
-71.05 -20.01 18 2.51 0.10 -2.61 0.84 -3.78 0.52 25 X Y 
94.32 7.73 16 -0.61 -3.65 4.26 -1.44 0.07 2.78 25 X Y 
-71.14 -19.73 19 1.79 0.05 -1.84 0.49 -2.10 0.47 25 X Y 
-71.05 -19.70 22 1.85 -0.00 -1.85 0.79 -2.00 0.54 25 X Y 
179.32 -26.14 510 1.82 -1.26 -0.55 1.22 -1.98 -3.30 25 X Y 
166.46 -12.13 116 1.08 -0.21 -0.88 0.02 -0.55 0.29 25 X Y 
-70.81 -19.70 22 0.92 -0.04 -0.88 0.64 -1.53 0.20 28 X Y 
-71.39 -19.85 21 3.14 -0.24 -2.90 -0.02 -2.52 0.39 26 X Y 
-82.38 7.80 32 -0.09 -0.43 0.53 -0.16 0.28 1.00 25 X Y 
-70.88 -20.34 34 0.67 0.05 -0.71 0.16 -0.64 0.14 26 X Y 
-70.60 -20.43 29 2.20 0.05 -2.24 1.22 -4.20 0.38 27 X Y 
-70.90 -20.72 32 6.04 -0.77 -5.27 1.37 -4.03 0.21 25 X Y 
-70.91 -20.61 19 1.94 0.08 -2.02 0.78 -1.69 0.38 25 X Y 
161.59 -10.55 67 -0.26 -0.28 0.54 -0.31 0.56 0.80 25 X Y 
-86.54 12.42 15 -0.38 -1.63 2.01 -0.34 -0.30 -0.60 25 X Y 
-70.88 -20.64 15 0.90 0.37 -1.28 -0.51 -1.16 0.14 25 X Y 
155.09 -6.78 44 4.95 -2.77 -2.18 0.27 -0.47 2.66 26 X Y 
154.99 -7.04 29 5.71 -3.53 -2.18 2.62 -2.92 2.63 25 X Y 
-86.22 11.70 142 0.49 -0.25 -0.24 0.53 -0.79 0.08 26 X Y 
155.22 -7.31 18 1.35 -1.00 -0.35 0.98 -0.88 0.68 25 X Y 
162.24 -11.35 27 0.26 1.66 -1.93 2.24 0.74 1.76 27 X Y 
161.97 -11.45 37 1.68 -1.78 0.10 -0.14 0.28 0.34 27 X Y 
162.17 -11.02 24 0.50 -0.34 -0.16 0.21 -0.76 0.64 26 X Y 
9.24 -53.65 16 -0.14 2.16 -2.01 0.38 0.14 0.52 26 X Y 
155.43 -62.65 12 -0.09 2.10 -2.02 -0.47 -0.22 -1.39 25 X Y 
164.68 -11.15 12 -1.50 -0.07 1.57 -0.35 0.10 0.10 25 X Y 
-101.25 17.55 19 0.61 -0.44 -0.17 0.74 -0.33 0.23 27 X Y 
154.99 -6.92 36 0.88 -0.55 -0.33 0.27 -0.29 0.45 26 X Y 
154.67 -6.64 36 2.12 -1.15 -0.97 0.54 -0.60 1.11 27 X Y 
155.34 -7.31 20 1.73 -0.91 -0.82 0.95 -1.18 1.00 25 X Y 
-127.59 49.65 17 0.02 -0.65 0.63 0.10 -0.34 0.59 26 X Y 
-174.29 -20.80 49 1.53 -0.05 -1.49 0.80 -0.80 0.78 25 X Y 
170.12 -21.52 120 0.08 0.15 -0.23 0.78 0.04 0.66 26 X Y 
179.12 -24.67 530 -0.75 0.12 0.63 -0.29 -0.18 -0.46 26 X Y 
178.25 -25.80 654 -2.72 4.50 -1.78 -1.52 -1.99 0.31 25 X Y 
139.48 34.89 165 -0.35 -0.37 0.73 0.63 0.99 0.22 25 X Y 
99.68 19.72 12 -0.03 -1.61 1.64 -0.13 0.34 1.60 25 X Y 
-97.60 -36.40 16 -0.17 0.03 0.13 0.39 -0.76 -2.72 25 X Y 
154.84 -7.03 13 0.13 -1.05 0.92 0.58 -0.14 0.16 25 X Y 
-100.74 17.36 21 4.24 -3.51 -0.73 3.87 -2.40 1.61 25 X Y 
-175.15 -18.99 228 0.01 0.25 -0.26 -0.46 -0.92 0.24 25 X Y 
-100.82 17.31 21 1.11 -0.95 -0.16 1.02 -0.62 0.37 25 X Y 
-115.06 -49.90 13 0.04 2.38 -2.43 -0.16 0.44 4.52 25 X Y 
-82.41 7.36 18 -0.17 0.02 0.15 1.61 1.04 6.46 25 X Y 
144.91 6.55 20 -0.11 1.72 -1.61 0.09 -0.19 1.75 25 X Y 
144.87 6.58 20 0.33 1.27 -1.59 -0.01 -0.91 3.41 25 X Y 
121.92 9.40 24 2.34 0.60 -2.94 1.06 -0.34 0.73 25 X Y 
92.69 4.33 46 1.40 -0.80 -0.60 -0.04 0.05 -0.87 25 X Y 
88.09 18.10 58 0.00 -1.60 1.60 0.12 0.18 0.42 25 X Y 
25.67 40.30 12 -0.51 1.63 -1.12 -0.02 -0.19 -2.04 26 X Y 
-107.50 18.99 17 -0.16 -1.45 1.61 -0.08 0.05 -1.84 25 X Y 
91.06 -10.02 13 3.39 -2.79 -0.60 -2.56 0.41 -5.08 25 X Y 
166.60 -13.63 47 2.79 -0.07 -2.72 -0.09 0.87 0.63 25 X Y 
-177.13 -30.03 26 1.91 -0.09 -1.83 0.43 1.72 -0.52 26 X Y 
-177.70 -30.03 12 0.63 0.97 -1.60 3.91 5.27 -0.84 25 X Y 
-177.30 -29.94 37 1.13 -0.11 -1.01 0.14 0.79 -0.30 26 X Y 
178.43 52.00 104 -0.18 -0.31 0.49 0.71 -0.48 -0.16 28 X Y 
176.70 52.28 12 -1.38 -0.45 1.83 -0.26 0.22 -4.22 25 X Y 
142.76 24.52 63 2.15 -1.20 -0.95 -1.69 -0.40 -1.43 25 X Y 
-28.31 -55.34 21 0.96 -0.94 -0.03 -0.99 1.72 1.01 26 X Y 
-28.03 -55.27 14 1.05 -0.74 -0.32 -0.52 0.40 0.64 25 X Y 
-175.44 -14.75 12 -0.69 3.44 -2.75 0.22 0.09 4.67 25 X Y 
-175.52 -15.00 15 -0.10 0.51 -0.41 0.06 -0.08 1.00 26 X Y 
138.75 28.42 523 0.63 0.92 -1.55 1.67 -1.68 0.36 25 X Y 
154.99 -62.31 12 0.04 1.11 -1.15 -0.18 -0.14 -0.77 25 X Y 
-176.30 -30.35 49 2.90 -2.39 -0.51 -0.50 -1.82 -2.57 25 X Y 
152.89 -6.39 12 -4.50 3.80 0.71 -2.10 -0.05 -0.14 25 X Y 
96.74 1.72 20 0.64 -0.42 -0.23 0.92 -1.07 0.31 25 X Y 
-92.70 14.80 63 -2.11 0.77 1.34 1.21 -1.19 -1.36 26 X Y 
168.30 -17.79 115 0.10 1.11 -1.22 -1.44 -0.87 1.49 25 X Y 
142.39 36.97 12 -5.42 -0.83 6.25 -2.13 -4.31 2.13 25 X Y 
126.55 5.64 29 2.24 0.40 -2.64 1.10 1.26 -0.09 25 X Y 
-140.34 60.41 19 0.10 -0.46 0.36 0.22 0.65 -1.00 25 X Y 
-174.18 -15.64 234 0.41 -0.12 -0.29 -0.41 2.44 -0.76 25 X Y 
57.67 11.80 12 -0.03 -1.06 1.09 -0.05 -0.36 -0.71 25 X Y 
148.94 44.63 67 2.11 0.43 -2.54 1.72 1.36 -0.69 25 X Y 
-178.32 -19.68 627 -0.70 0.62 0.08 -2.17 -1.93 -0.36 26 X Y 
-137.05 58.46 12 0.45 -1.52 1.08 0.34 0.34 0.21 25 X Y 
-45.59 23.86 14 -0.03 -0.56 0.60 0.28 0.06 -1.43 25 X Y 
-95.69 17.97 109 -3.95 1.04 2.91 0.79 -1.37 -2.45 25 X Y 
146.72 -3.34 12 0.03 -0.42 0.39 0.00 -0.13 1.37 25 X Y 
146.23 0.89 19 0.81 -1.53 0.72 -0.39 0.50 1.92 26 X Y 
103.50 27.06 15 -0.02 1.31 -1.29 -0.06 -0.36 -1.64 25 X Y 
127.92 -7.13 20 0.37 -2.44 2.07 -0.68 0.16 0.54 25 X Y 
142.37 41.25 49 1.32 0.03 -1.36 0.58 1.03 -0.35 25 X Y 
47.53 32.59 12 1.59 -1.42 -0.17 1.49 -0.65 1.44 25 X Y 
47.57 32.50 12 0.81 -0.85 0.04 0.58 -0.04 0.34 25 X Y 
-71.74 -32.76 42 4.07 0.32 -4.39 -0.18 -3.40 -0.36 25 X Y 
-122.38 38.31 12 -0.05 -1.09 1.14 -0.14 -0.25 1.12 25 X Y 
-73.72 -14.61 85 -2.11 -0.13 2.24 0.44 -0.09 0.14 26 X Y 
-114.67 -26.83 12 -0.86 0.64 0.22 0.10 -0.27 -0.84 25 X Y 
-173.15 -21.53 46 1.21 0.08 -1.29 0.21 -0.38 -0.35 25 X Y 
-114.56 -26.89 12 -1.42 0.41 1.01 0.08 -0.02 -1.46 25 X Y 
-107.38 18.93 25 -0.07 -1.22 1.29 0.06 0.07 -1.49 25 X Y 
125.06 -0.36 29 2.41 -1.57 -0.84 0.63 1.98 -1.28 25 X Y 
144.51 13.54 140 -1.51 1.24 0.27 -0.81 -0.42 -0.42 26 X Y 
-66.72 -23.78 228 -2.27 -0.21 2.48 -0.19 -1.28 0.07 25 X Y 
156.35 -9.46 15 -0.08 0.12 -0.04 0.19 -0.06 1.56 25 X Y 
-151.78 62.00 109 0.32 -3.38 3.07 -0.32 0.98 -0.03 25 X Y 
149.58 -6.27 50 1.05 -1.21 0.16 0.15 -0.09 0.01 25 X Y 
100.54 23.38 12 -0.03 -1.61 1.64 0.16 0.33 0.90 25 X Y 
-108.62 23.85 15 -0.12 -1.61 1.74 -0.19 -0.04 -0.47 25 X Y 
-110.81 -32.34 12 2.89 -3.17 0.28 -0.72 0.82 0.85 26 X Y 
-111.07 -32.38 18 0.07 -0.86 0.78 -0.30 -0.09 -0.10 26 X Y 
143.25 41.06 24 0.86 -0.05 -0.81 0.48 1.02 -0.24 25 X Y 
-88.45 12.33 41 -0.73 0.48 0.24 0.57 -0.47 -0.41 27 X Y 
-174.58 -15.12 14 0.01 -1.20 1.19 -0.09 0.17 0.52 25 X Y 
-111.22 -31.94 12 0.80 -1.00 0.20 -0.60 0.05 1.02 25 X Y 
-177.61 -19.76 445 1.63 -3.04 1.40 -4.89 -1.59 0.37 26 X Y 
153.77 -61.02 19 -0.14 1.04 -0.90 0.08 0.24 -0.82 25 X Y 
79.97 -41.66 12 -0.12 3.13 -3.01 0.32 0.02 -0.50 25 X Y 
148.36 -6.40 42 0.95 -1.07 0.12 0.49 -0.07 -0.00 26 X Y 
173.13 -15.28 12 -0.91 0.99 -0.08 -0.30 0.19 -0.60 25 X Y 
126.37 1.98 38 4.12 -0.83 -3.29 -0.06 -2.05 -2.03 26 X Y 
179.74 -37.51 21 -1.08 0.30 0.77 0.24 0.45 0.78 26 X Y 
33.79 -46.27 18 -0.26 1.35 -1.08 0.79 -0.12 2.23 25 X Y 
127.08 2.60 30 0.71 -0.04 -0.67 -0.29 0.05 0.29 26 X Y 
101.78 30.24 25 -0.24 1.94 -1.71 0.12 0.10 -0.52 25 X Y 
137.88 36.76 12 2.03 -0.72 -1.31 -1.22 -0.25 -2.07 25 X Y 
126.44 2.11 35 1.58 -0.39 -1.18 -0.20 -0.74 -0.83 26 X Y 
123.17 6.31 632 0.48 0.74 -1.22 -1.97 -8.60 2.90 25 X Y 
-82.71 8.00 19 1.03 -0.64 -0.38 0.41 -0.48 0.54 25 X Y 
130.57 -6.12 138 0.49 -0.22 -0.27 0.17 1.36 0.17 25 X Y 
154.41 -6.62 17 0.55 -0.17 -0.38 0.47 -0.56 0.29 26 X Y 
-91.84 13.65 26 1.04 -0.67 -0.37 0.75 -0.77 0.55 25 X Y 
-82.63 7.98 20 0.73 -0.44 -0.29 0.35 -0.33 0.37 26 X Y 
122.40 25.51 262 -1.19 0.98 0.22 -1.71 -0.19 -0.13 25 X Y 
141.69 37.43 44 0.80 -0.14 -0.66 0.23 0.67 -0.30 25 X Y 
126.51 2.29 33 4.33 -0.43 -3.90 -0.77 -1.61 -1.73 25 X Y 
-82.41 6.68 18 -0.02 0.23 -0.21 0.28 0.05 1.16 25 X Y 
121.45 8.68 15 -0.43 0.51 -0.08 -0.51 -0.41 -1.86 25 X Y 
-178.59 -20.27 611 -0.71 -0.03 0.73 -0.75 -0.77 0.30 25 X Y 
-103.37 -35.88 20 -0.06 -0.23 0.29 0.07 -0.16 -1.08 25 X Y 
-82.64 5.59 23 -0.08 0.01 0.07 0.53 0.07 6.04 25 X Y 
168.36 -17.06 231 1.02 -1.69 0.67 0.12 -0.74 -0.87 26 X Y 
-178.23 -20.97 488 -1.51 -0.15 1.66 -1.32 -0.77 -0.62 25 X Y 
170.26 -21.23 15 -0.28 -0.78 1.06 0.24 0.19 -0.59 25 X Y 
-67.14 -32.77 177 0.59 -0.02 -0.57 -2.40 -2.07 1.07 25 X Y 
-66.80 -23.14 223 -0.80 -0.01 0.81 -0.09 -1.07 -0.07 26 X Y 
-32.74 52.70 25 -0.38 -1.03 1.41 0.89 -0.05 -4.91 26 X Y 
121.39 22.65 30 2.22 0.45 -2.67 -1.03 0.09 -1.22 25 X Y 
-28.14 -55.50 14 1.00 -0.62 -0.39 -0.91 2.71 1.11 25 X Y 
143.22 39.78 22 0.86 -0.02 -0.84 0.62 1.16 -0.22 26 X Y 
164.08 -10.65 16 0.09 0.22 -0.31 0.02 -0.10 1.60 25 X Y 
168.23 -16.41 12 4.11 0.29 -4.40 0.90 1.55 -1.83 25 X Y 
143.83 39.85 12 1.36 0.07 -1.43 0.66 1.77 -0.41 25 X Y 
-106.85 18.82 15 -0.21 -1.44 1.65 0.01 0.05 -2.42 25 X Y 
122.50 -7.35 552 -0.72 -2.34 3.06 -2.05 1.07 -0.17 26 X Y 
98.58 -0.72 24 1.38 -0.74 -0.64 1.47 -1.23 0.71 25 X Y 
80.64 -41.23 12 -0.01 1.07 -1.05 0.11 -0.04 -0.14 25 X Y 
-73.11 6.83 156 -1.16 -0.85 2.01 -1.25 -2.05 -0.24 25 X Y 
122.35 -0.53 25 -0.42 0.58 -0.16 -0.41 1.25 -0.64 25 X Y 
126.48 1.78 42 3.01 0.25 -3.26 -0.84 0.18 -0.51 25 X Y 
-73.90 -36.16 12 1.02 0.06 -1.08 -0.34 -1.57 -0.23 25 X Y 
-178.48 -17.84 616 -0.82 1.30 -0.48 0.08 -0.89 -0.75 25 X Y 
-69.44 -18.47 141 -1.52 -0.78 2.30 1.04 -5.04 0.91 25 X Y 
152.59 -5.18 38 1.57 -1.58 0.01 0.99 0.17 -0.27 27 X Y 
-172.77 -15.26 18 0.90 0.21 -1.11 0.29 0.70 0.24 25 X Y 
-172.68 -15.30 14 2.82 0.56 -3.37 0.43 1.48 0.79 25 X Y 
-172.65 -15.37 17 4.32 0.58 -4.90 1.29 3.22 0.48 25 X Y 
152.43 -5.07 47 1.07 -1.11 0.04 0.31 -0.20 -0.36 25 X Y 
-173.17 -15.25 43 -0.80 1.16 -0.36 -3.07 1.35 0.15 25 X Y 
26.85 35.03 24 0.55 -1.23 0.69 -0.36 1.80 -0.31 25 X Y 
-178.51 -15.90 16 0.07 -0.67 0.60 0.12 -1.27 6.29 25 X Y 
122.31 23.96 34 3.44 -3.57 0.12 2.40 0.21 0.62 25 X Y 
122.44 23.84 35 1.05 -1.14 0.09 0.83 0.19 0.12 25 X Y 
166.33 -12.07 94 2.23 -0.35 -1.89 0.38 -2.09 0.58 25 X Y 
173.07 -42.02 48 -0.18 0.74 -0.56 0.57 0.74 0.50 25 X Y 
-130.85 51.69 12 0.58 -2.41 1.83 0.85 0.01 1.59 25 X Y 
85.33 27.91 12 1.76 -1.82 0.06 8.04 -1.51 0.48 27 X Y 
84.93 27.86 21 0.68 -0.74 0.06 0.96 0.19 0.25 26 X Y 
85.95 27.56 21 0.60 -0.67 0.07 1.20 -0.23 0.20 26 X Y 
-178.71 -20.79 591 -0.96 0.86 0.11 -1.05 -1.00 -0.14 25 X Y 
151.83 -5.58 38 0.98 -0.87 -0.11 0.23 0.02 -0.38 26 X Y 
151.76 -5.47 49 1.47 -1.48 0.01 0.34 -0.25 -0.49 26 X Y 
152.10 -5.32 38 1.70 -1.63 -0.07 0.82 0.01 -0.55 27 X Y 
154.49 -7.36 12 -3.36 2.60 0.76 -0.26 0.81 -1.99 26 X Y 
86.08 27.67 12 2.70 -2.62 -0.08 8.25 -1.28 1.22 26 X Y 
86.35 27.37 20 1.37 -1.54 0.17 1.24 0.14 0.43 25 X Y 
142.29 38.89 44 1.37 -0.03 -1.34 0.68 1.30 -0.38 26 X Y 
102.14 -2.61 158 0.38 -1.05 0.67 -0.10 -0.79 -0.81 25 X Y 
-132.39 -54.53 15 -0.03 0.72 -0.68 -0.03 0.28 0.77 26 X Y 
-175.14 -19.35 206 -0.31 0.46 -0.15 -0.46 -1.13 0.40 25 X Y 
163.91 -10.78 19 0.32 -1.10 0.78 0.54 -1.02 1.26 26 X Y 
163.54 -10.90 15 0.18 -1.53 1.35 1.16 -1.56 2.40 26 X Y 
163.22 -10.97 15 0.22 -1.02 0.79 0.76 -1.15 1.86 26 X Y 
-14.10 -16.78 12 3.66 -0.09 -3.57 -0.11 -0.12 0.52 25 X Y 
-176.05 -19.40 16 -0.01 -2.86 2.88 -0.80 0.68 -0.29 25 X Y 
-156.52 56.71 81 0.38 -0.20 -0.18 0.63 0.97 1.58 26 X Y 
140.56 27.94 681 -3.86 -0.66 4.52 -2.87 5.61 1.10 27 X Y 
-173.19 -15.69 70 0.53 0.34 -0.87 -0.41 -0.71 -0.54 25 X Y 
143.00 30.80 17 -2.62 0.67 1.95 -0.25 -0.42 -1.39 25 X Y 
116.65 6.17 12 -0.64 -0.08 0.72 0.77 0.59 0.27 25 X Y 
142.24 41.49 54 1.19 -0.06 -1.12 0.39 0.86 -0.37 25 X Y 
-68.47 -22.48 147 -1.47 0.95 0.53 0.33 -0.04 -0.91 25 X Y 
-172.69 -15.54 51 -0.47 0.47 0.01 -0.38 1.00 -0.53 25 X Y 
-178.93 -20.42 665 0.20 -0.15 -0.05 -0.16 -1.18 -0.41 25 X Y 
-16.40 -35.38 22 0.08 -1.31 1.23 -0.05 0.37 2.64 26 X Y 
-74.10 -36.35 12 2.94 0.06 -3.00 -1.19 -4.10 -0.71 25 X Y 
-178.36 -20.34 571 -0.81 -0.30 1.12 -0.42 -0.48 -0.29 25 X Y 
139.85 27.68 459 -4.56 2.20 2.36 -0.48 -4.83 -4.06 25 X Y 
151.61 -5.60 48 1.02 -1.11 0.09 0.32 -0.19 -0.35 25 X Y 
78.14 37.58 16 3.58 -3.22 -0.37 -3.50 1.64 1.37 25 X Y 
126.25 10.08 44 1.60 0.22 -1.82 0.33 0.65 0.09 25 X Y 
148.12 43.93 54 2.18 0.07 -2.25 2.58 1.30 -0.73 25 X Y 
158.33 -9.40 15 0.10 -0.34 0.24 0.18 -0.17 1.36 26 X Y 
-58.38 13.92 19 -0.75 -5.42 6.18 0.25 0.29 1.36 25 X Y 
165.10 -10.35 12 -2.64 3.29 -0.64 0.21 -0.46 -0.68 26 X Y 
-169.42 52.21 27 1.99 -1.58 -0.40 1.82 0.88 -0.83 26 X Y 
138.44 -2.53 41 3.10 -1.90 -1.20 1.20 0.30 1.95 26 X Y 
-153.15 60.02 130 1.81 -3.69 1.87 0.26 2.05 2.33 25 X Y 
-178.15 -26.46 270 -0.65 -0.67 1.32 -0.70 -0.06 0.05 25 X Y 
158.07 -9.35 12 0.16 0.12 -0.28 0.17 -0.11 0.95 26 X Y 
157.71 -9.32 15 0.43 1.35 -1.79 -0.06 -0.57 6.66 25 X Y 
78.49 -36.79 12 0.01 -1.08 1.07 0.05 0.17 0.11 25 X Y 
163.71 -10.78 21 -0.11 -2.37 2.47 1.37 -2.97 3.62 25 X Y 
-178.86 -30.33 243 -0.34 -0.44 0.79 -1.06 0.52 0.35 25 X Y 
-177.73 -32.83 12 1.54 -0.09 -1.45 0.37 1.71 -0.44 25 X Y 
-169.48 51.97 15 0.80 -0.65 -0.15 0.83 0.29 -0.36 25 X Y 
-109.53 25.09 15 -0.03 -0.96 0.99 -0.01 -0.02 -0.16 26 X Y 
126.47 2.01 33 3.60 -0.71 -2.90 0.03 -0.90 -1.75 25 X Y 
151.53 -6.20 13 -0.96 0.82 0.14 -0.87 -0.33 0.34 25 X Y 
-72.09 -31.13 17 1.95 -0.04 -1.91 0.74 -2.48 0.09 28 X Y 
-71.95 -31.79 36 5.13 -0.64 -4.49 0.26 -2.85 0.64 26 X Y 
-71.94 -31.65 37 1.61 -0.24 -1.37 0.19 -0.87 0.15 26 X Y 
-72.30 -32.31 13 1.26 0.04 -1.30 0.02 -1.21 0.18 25 X Y 
-45.81 15.38 12 0.01 -0.35 0.34 0.21 0.07 -1.14 25 X Y 
-72.05 -32.34 20 1.87 0.06 -1.94 0.13 -1.86 -0.07 25 X Y 
-71.84 -31.66 38 1.41 0.07 -1.48 0.25 -1.01 0.11 25 X Y 
-71.81 -31.77 39 0.78 0.02 -0.80 0.02 -0.54 0.00 26 X Y 
-71.39 -31.58 64 1.15 0.14 -1.29 0.28 -0.83 0.20 25 X Y 
131.23 -0.62 19 0.98 -0.70 -0.27 0.04 0.00 0.35 26 X Y 
-71.62 -30.88 52 2.78 0.26 -3.04 0.24 -1.30 0.34 25 X Y 
-142.49 -56.68 24 -0.06 1.03 -0.97 -0.06 -0.06 0.74 25 X Y 
-66.89 -23.84 221 -0.09 -0.03 0.12 0.11 -1.16 -0.05 25 X Y 
-136.11 -54.61 13 -0.05 1.13 -1.08 -0.01 0.04 1.11 25 X Y 
156.54 48.83 14 1.04 -0.44 -0.60 0.27 0.39 -0.59 25 X Y 
-172.98 -16.14 18 -0.66 0.15 0.51 0.78 -0.38 -0.83 25 X Y 
167.19 -14.88 141 2.70 1.16 -3.85 -2.89 -1.10 3.41 26 X Y 
6.53 -54.33 15 -0.28 1.99 -1.71 0.21 0.31 0.34 25 X Y 
37.13 -45.65 21 -0.16 -0.69 0.84 -0.30 0.17 -1.13 25 X Y 
70.42 36.55 209 1.53 -1.43 -0.10 1.60 -0.44 0.28 27 X Y 
124.95 -8.20 12 -2.33 -2.22 4.55 -3.39 -3.61 -5.21 25 X Y 
-72.33 -29.54 12 1.12 -0.00 -1.12 -0.28 -0.91 -0.15 25 X Y 
-71.66 -30.99 43 1.29 0.08 -1.37 0.15 -0.61 0.14 26 X Y 
94.78 6.76 15 -0.04 -0.76 0.80 -0.18 -0.05 0.24 26 X Y 
-173.02 51.55 16 3.78 -3.64 -0.15 4.07 1.79 -1.24 25 X Y 
-72.18 -29.47 12 1.34 0.01 -1.35 0.04 -1.37 -0.01 26 X Y 
-72.29 -29.70 12 1.34 -0.02 -1.31 0.05 -1.43 0.04 26 X Y 
128.67 31.13 12 -0.37 0.80 -0.44 0.08 0.38 1.53 26 X Y 
20.53 38.47 15 0.10 4.51 -4.61 2.91 -1.12 4.54 25 X Y 
158.44 -9.11 21 1.35 -0.45 -0.90 0.22 -1.63 1.02 26 X Y 
130.11 -7.22 100 0.87 -1.05 0.19 0.22 0.62 0.84 25 X Y 
145.26 18.82 582 -0.88 -0.26 1.13 -0.50 -0.10 -0.10 25 X Y 
-71.12 -10.73 611 -2.59 0.30 2.29 -0.46 0.49 -0.64 27 X Y 
-71.28 -10.11 627 -3.27 0.39 2.87 -0.82 1.75 -0.67 27 X Y 
-71.35 -9.14 614 -1.09 0.09 1.01 -0.10 0.79 -0.22 26 X Y 
-70.90 -24.76 41 1.65 0.24 -1.89 0.48 -1.48 0.03 25 X Y 
85.23 -47.74 29 -4.44 -0.52 4.96 -1.30 1.04 2.40 26 X Y 
72.91 38.39 12 -0.11 -0.63 0.74 0.13 -0.01 -0.31 27 X Y 
129.51 -4.16 12 1.79 -1.72 -0.07 -0.11 -0.02 0.88 26 X Y 
175.04 -16.65 19 -0.18 -0.69 0.86 0.40 -0.12 1.40 25 X Y 
-93.60 15.84 73 -3.29 0.48 2.81 5.79 -5.22 -2.38 25 X Y 
169.46 -18.17 15 -0.03 -0.31 0.34 0.25 0.20 -1.15 25 X Y 
117.56 3.66 12 0.15 0.11 -0.26 0.08 0.27 1.45 25 X Y 
-123.11 -56.06 12 -0.03 1.09 -1.06 -0.31 -0.55 1.78 25 X Y 
71.06 36.46 214 4.64 -2.57 -2.07 0.66 -0.63 -0.44 25 X Y 
139.45 -50.65 12 -0.33 0.48 -0.15 0.14 -0.22 -4.07 25 X Y 
93.47 24.71 52 0.41 -0.85 0.44 0.85 0.38 0.92 26 X Y 
-136.56 -54.46 12 -0.07 0.80 -0.73 -0.01 0.05 0.78 25 X Y 
127.05 3.84 12 5.06 0.90 -5.96 1.49 3.78 -0.51 25 X Y 
141.01 44.46 254 -2.07 0.93 1.14 1.69 0.24 -1.80 25 X Y 
-63.11 -19.77 591 -0.89 -0.59 1.48 -0.39 1.29 0.83 25 X Y 
142.78 42.00 54 0.93 -0.19 -0.74 0.29 0.73 -0.38 26 X Y 
-107.17 18.91 16 -0.57 -4.88 5.45 0.20 -0.33 -6.75 25 X Y 
-153.27 59.75 111 2.39 -5.66 3.27 0.83 3.05 0.96 26 X Y 
-3.60 35.59 12 0.16 -3.95 3.78 0.27 -1.92 -1.86 25 X Y 
153.19 -5.43 27 -1.11 -0.52 1.63 0.74 0.27 0.37 25 X Y 
158.73 53.86 168 -4.12 5.53 -1.41 -5.16 -3.35 -3.41 26 X Y 
169.70 -63.14 12 -0.16 1.28 -1.12 -0.36 -0.10 -0.11 25 X Y 
-179.82 -30.81 391 -1.21 -1.04 2.25 -1.07 -1.91 -0.60 25 X Y 
120.43 22.94 17 1.25 -0.48 -0.77 0.74 -4.65 2.07 25 X Y 
154.57 -6.83 41 5.06 -2.20 -2.85 0.70 -2.41 1.91 25 X Y 
-71.90 -30.62 36 3.53 0.16 -3.69 0.39 -2.28 -0.24 25 X Y 
119.35 -9.87 38 2.11 -2.32 0.21 1.81 -0.31 0.06 25 X Y 
-175.53 -21.04 21 0.07 -1.30 1.23 -0.18 -0.01 -0.59 25 X Y 
164.03 -49.03 18 0.99 0.12 -1.11 0.20 -0.28 -0.16 25 X Y 
-124.57 -55.74 20 -0.24 1.21 -0.97 -0.21 -0.11 1.53 25 X Y 
128.98 0.84 16 -0.13 1.62 -1.48 0.42 0.29 0.61 25 X Y 
-72.26 -30.56 12 0.97 0.02 -1.00 0.01 -0.95 0.01 25 X Y 
139.61 -51.75 14 -0.06 0.12 -0.06 -0.07 -0.01 -1.68 25 X Y 
94.22 -4.75 37 0.16 -1.11 0.94 0.01 0.28 -5.83 27 X Y 
-173.37 -15.16 55 -0.11 0.25 -0.14 -1.25 0.26 0.12 25 X Y 
-173.82 51.38 16 2.96 -2.82 -0.14 3.22 1.32 -0.94 25 X Y 
-174.13 51.40 16 0.96 -0.86 -0.10 1.03 0.44 -0.38 25 X Y 
-60.69 18.07 39 0.68 -0.07 -0.60 -0.92 0.05 -0.94 25 X Y 
163.15 54.30 38 3.20 -0.54 -2.66 0.81 3.75 0.12 25 X Y 
144.92 -3.35 12 0.04 -0.20 0.17 0.01 0.03 2.21 25 X Y 
-157.66 57.22 12 2.54 -2.36 -0.18 -0.71 -0.23 -0.87 25 X Y 
166.66 -14.27 35 2.03 0.07 -2.09 0.55 -0.01 0.40 26 X Y 
166.59 -14.06 32 1.23 -0.01 -1.22 0.27 -0.09 0.29 26 X Y 
166.51 -14.15 26 1.03 -0.08 -0.94 0.33 -0.36 0.19 25 X Y 
107.42 -8.41 42 1.18 -1.17 -0.01 0.87 -0.11 0.38 25 X Y 
166.54 -13.92 31 1.10 -0.05 -1.05 0.23 -0.15 0.31 26 X Y 
71.04 36.44 211 1.04 -1.11 0.08 0.30 0.20 -0.03 26 X Y 
94.78 23.02 150 2.48 -2.74 0.26 -1.30 -0.57 1.10 26 X Y 
121.94 7.84 24 0.74 0.16 -0.90 0.24 -0.74 -0.03 25 X Y 
130.74 32.77 15 -0.33 2.06 -1.74 0.10 -0.47 1.08 25 X Y 
130.69 32.71 12 0.01 0.97 -0.98 0.22 -0.12 0.58 25 X Y 
166.38 -14.34 12 2.81 -0.31 -2.50 1.15 -1.14 1.13 25 X Y 
-92.67 13.49 12 -1.29 0.81 0.48 -0.14 0.17 -0.70 25 X Y 
130.77 32.84 13 -1.66 5.06 -3.40 0.38 0.94 0.82 26 X Y 
-80.25 -0.12 22 3.41 0.03 -3.44 1.22 -4.65 -0.64 27 X Y 
-80.70 -0.51 37 1.30 -0.39 -0.92 0.05 -0.51 -0.06 25 X Y 
-27.05 -55.59 21 2.23 -1.49 -0.74 -1.65 1.19 1.17 25 X Y 
-80.57 0.62 12 0.71 0.00 -0.71 -0.19 -1.25 -0.16 25 X Y 
-80.36 0.57 22 1.25 -0.19 -1.06 0.03 -1.02 -0.22 25 X Y 
-80.76 -0.34 13 0.63 0.02 -0.65 0.07 -1.10 -0.13 25 X Y 
-93.38 14.45 17 0.75 -0.57 -0.18 0.64 -0.60 0.29 25 X Y 
-93.39 14.55 22 0.95 -0.70 -0.25 0.57 -0.50 0.34 25 X Y 
167.26 -16.05 34 3.33 -0.61 -2.72 0.32 -1.09 1.56 26 X Y 
-103.90 10.42 15 -0.03 -0.42 0.44 -0.01 -0.03 0.95 26 X Y 
-80.04 0.43 27 0.68 0.04 -0.73 0.19 -1.20 -0.15 26 X Y 
-80.02 0.30 34 1.39 0.10 -1.48 0.37 -2.02 -0.32 26 X Y 
129.94 -25.61 12 1.31 -0.59 -0.72 -0.07 -0.05 0.85 25 X Y 
-178.61 -20.77 581 -2.28 1.92 0.35 -1.31 -4.24 -3.43 25 X Y 
-178.17 -22.13 418 -1.91 0.54 1.37 -1.64 -1.77 0.47 26 X Y 
-26.50 -56.24 69 -4.43 5.71 -1.28 -4.17 2.34 2.53 26 X Y 
122.35 25.42 250 -3.70 0.04 3.67 -0.46 2.03 -0.96 25 X Y 
100.57 -2.18 29 -0.02 0.01 0.00 0.57 -1.16 -0.00 26 X Y 
125.56 -4.51 449 -2.47 0.97 1.50 -1.72 -1.85 1.25 25 X Y 
-177.64 -30.13 49 1.30 -0.01 -1.29 0.12 0.42 -0.36 25 X Y 
-105.33 18.43 12 -0.16 -0.19 0.34 0.35 -0.23 -3.16 25 X Y 
126.35 1.41 31 4.02 -0.33 -3.69 -1.08 -0.02 -1.75 25 X Y 
116.29 -11.30 32 -1.19 1.40 -0.21 -0.00 -0.76 0.36 25 X Y 
-87.13 12.92 14 -0.57 -1.30 1.87 -0.40 -0.17 -0.81 25 X Y 
160.69 -8.61 35 1.38 -0.80 -0.59 -1.01 0.77 0.61 25 X Y 
168.70 -18.83 127 0.05 1.00 -1.05 -1.15 -1.94 1.32 25 X Y 
168.60 -20.27 20 2.91 -0.28 -2.63 1.26 -2.33 1.24 25 X Y 
-44.95 22.74 12 -1.99 -0.02 2.00 -0.14 -0.34 0.45 25 X Y 
152.03 -3.37 361 -3.22 0.87 2.35 1.35 -1.01 0.04 25 X Y 
73.43 39.47 17 3.43 -4.68 1.25 -3.06 -1.21 -3.21 25 X Y 
167.36 -16.02 38 0.93 -0.02 -0.91 -0.27 0.01 0.50 25 X Y 
-80.00 0.58 30 2.22 0.24 -2.45 0.47 -3.20 -0.53 25 X Y 
-176.27 -28.05 18 3.16 -0.56 -2.61 0.93 2.69 -1.44 25 X Y 
168.85 -18.97 175 0.16 -0.21 0.04 0.22 -1.60 0.34 25 X Y 
-70.63 -26.15 88 -1.28 0.43 0.85 0.49 -1.00 -0.02 25 X Y 
148.18 -2.97 12 -0.14 3.04 -2.89 0.28 1.32 4.12 25 X Y 
-18.63 -0.09 28 -0.04 0.40 -0.36 0.26 -0.23 -1.02 25 X Y 
145.70 18.50 209 3.36 0.41 -3.77 -2.41 1.80 0.79 27 X Y 
-66.01 -22.17 277 0.37 -0.15 -0.22 0.34 -1.99 -0.00 25 X Y 
141.91 24.98 523 -1.27 0.50 0.77 -0.50 -2.64 -1.37 25 X Y 
173.07 -22.56 22 -0.88 -3.76 4.63 -0.18 2.06 -5.31 26 X Y 
-176.93 -25.24 138 -0.51 0.02 0.48 0.14 -1.99 -0.41 25 X Y 
-123.63 -55.97 13 -0.04 0.73 -0.69 -0.22 -0.19 1.16 25 X Y 
-31.41 -55.16 22 1.31 -0.87 -0.43 -0.85 1.04 0.80 27 X Y 
143.91 40.33 12 0.68 -0.01 -0.67 0.41 1.03 -0.17 25 X Y 
-31.59 -55.23 23 1.12 -0.78 -0.34 -0.52 1.12 0.84 25 X Y 
122.48 -7.29 534 0.23 -0.69 0.46 -0.08 1.01 1.01 25 X Y 
13.22 42.64 12 -2.40 0.53 1.86 0.02 -0.66 -0.99 25 X Y 
94.58 20.79 88 0.52 -0.23 -0.29 0.45 -1.60 0.05 26 X Y 
-17.72 0.13 27 -0.42 2.25 -1.83 0.86 -1.20 -5.13 26 X Y 
152.86 -3.58 491 -0.49 0.47 0.03 0.88 1.49 0.42 26 X Y 
179.03 -37.19 28 -2.21 -0.34 2.56 2.91 3.18 1.08 26 X Y 
168.39 54.76 14 -0.10 -2.18 2.28 -0.77 -0.81 -0.39 25 X Y 
158.47 -54.51 14 1.02 0.38 -1.40 0.09 0.06 1.08 25 X Y 
-77.06 -5.64 124 -1.46 -0.07 1.53 -0.50 0.72 -0.57 25 X Y 
159.07 -9.48 20 0.81 -0.38 -0.43 0.18 -0.77 0.57 25 X Y 
140.61 -1.92 12 -0.83 0.89 -0.05 0.61 0.06 0.14 25 X Y 
142.09 30.53 12 1.02 -0.02 -0.99 -0.47 0.40 0.20 25 X Y 
141.74 34.47 12 1.97 -0.10 -1.87 -0.10 0.95 0.30 25 X Y 
126.49 6.55 63 0.98 2.54 -3.52 -1.58 0.06 -0.70 25 X Y 
-174.72 -18.17 207 -1.57 0.71 0.87 0.73 -4.35 2.36 25 X Y 
-178.15 -19.77 607 0.12 -0.03 -0.09 -2.39 -1.74 -0.58 26 X Y 
150.40 -4.16 453 -3.02 0.56 2.46 -1.97 -0.11 1.82 25 X Y 
148.92 -6.25 52 1.53 -1.70 0.17 0.11 -0.05 -0.03 26 X Y 
94.95 32.79 21 -0.55 -0.25 0.80 -0.58 0.34 0.71 25 X Y 
108.07 -4.95 623 -0.89 0.40 0.50 -0.42 -0.48 -0.38 26 X Y 
133.72 35.40 16 -0.19 1.94 -1.74 -0.15 -0.86 -2.07 25 X Y 
-174.95 -15.45 12 -0.17 1.32 -1.15 0.20 -0.16 0.70 25 X Y 
13.11 42.88 12 -1.47 0.23 1.23 0.20 -0.54 -0.63 25 X Y 
-72.75 -33.83 12 0.64 -0.00 -0.64 -0.17 -0.93 -0.12 25 X Y 
13.16 42.75 12 -0.95 0.19 0.76 0.03 -0.28 -0.29 26 X Y 
148.72 -6.35 46 1.04 -1.22 0.18 0.24 -0.05 0.05 25 X Y 
-70.98 -35.06 96 -2.27 -0.49 2.75 -1.74 -2.12 1.01 25 X Y 
-73.71 -36.66 20 0.63 0.02 -0.66 -0.03 -0.95 -0.06 25 X Y 
141.76 38.46 54 1.65 -0.06 -1.59 0.44 1.37 -0.41 25 X Y 
173.85 -42.03 19 3.56 1.69 -5.25 -1.14 4.34 -2.04 27 X Y 
173.07 -42.44 12 -0.14 3.29 -3.15 -0.42 -0.07 -3.45 25 X Y 
-68.74 -31.66 119 -5.71 2.15 3.56 0.60 0.68 1.50 25 X Y 
141.46 37.31 12 -2.97 1.67 1.30 0.80 0.75 1.50 26 X Y 
177.58 -40.79 12 0.54 -0.23 -0.31 0.57 1.00 -0.32 25 X Y 
-89.20 11.83 12 -3.01 2.02 0.99 -0.39 0.32 -1.64 26 X Y 
74.14 39.27 19 -0.05 -0.68 0.73 -0.12 -0.20 -0.86 26 X Y 
-70.93 -15.28 13 -2.36 0.66 1.70 0.16 -0.06 -1.42 25 X Y 
174.34 52.34 38 0.74 -0.84 0.10 0.56 0.59 -0.20 25 X Y 
123.46 -7.36 532 -0.58 -2.14 2.72 -1.38 1.62 0.61 25 X Y 
96.22 5.28 17 0.14 -0.75 0.60 -0.49 0.19 0.34 26 X Y 
86.32 43.98 20 0.95 -1.07 0.12 -1.03 0.05 -0.01 25 X Y 
-126.46 40.46 21 -0.13 -0.01 0.14 0.04 0.27 -1.11 26 X Y 
161.12 -10.46 46 5.22 -3.57 -1.65 -1.35 -1.86 3.69 27 X Y 
161.29 -10.77 23 0.72 -0.22 -0.50 0.00 -0.42 0.31 26 X Y 
161.06 -10.95 12 2.03 -0.77 -1.26 1.53 -1.53 0.94 26 X Y 
154.43 -5.82 159 1.35 -0.80 -0.55 0.37 0.36 0.88 25 X Y 
144.29 21.22 12 -0.39 0.27 0.12 -0.34 0.34 -1.30 25 X Y 
153.76 -5.55 53 0.79 -0.37 -0.43 -0.15 0.10 0.42 28 X Y 
153.71 -5.87 34 0.99 -0.49 -0.50 0.28 0.03 0.38 26 X Y 
137.55 8.34 16 1.56 -0.82 -0.74 0.51 -0.10 -1.11 25 X Y 
-70.98 -10.02 638 -3.68 0.74 2.95 -1.38 4.30 -0.52 25 X Y 
161.00 -10.24 32 4.12 -0.30 -3.82 -0.84 -1.83 1.64 25 X Y 
127.93 -7.64 162 0.78 -1.04 0.25 0.56 0.58 0.54 26 X Y 
-74.43 -43.41 33 1.75 -0.03 -1.73 0.11 -2.24 -0.03 27 X Y 
118.74 -9.16 98 0.93 1.30 -2.22 0.93 1.72 1.48 25 X Y 
179.29 -23.29 573 -0.98 2.60 -1.62 -0.81 -2.29 -1.88 25 X Y 
176.00 -19.28 17 -3.02 0.39 2.62 -0.22 0.00 1.32 26 X Y 
176.08 -19.13 14 -1.38 0.29 1.10 -0.04 0.13 0.50 25 X Y 
-92.06 74.44 33 1.57 -0.83 -0.74 -0.17 0.16 0.95 25 X Y 
122.78 4.57 622 -0.07 0.14 -0.07 0.07 -0.97 0.27 27 X Y 
161.03 -10.21 32 3.06 -1.03 -2.04 -0.35 0.16 1.34 25 X Y 
161.29 -10.40 42 5.45 1.33 -6.78 1.21 0.03 2.68 25 X Y 
154.94 -6.03 150 0.84 -0.58 -0.26 0.09 -0.17 0.39 28 X Y 
63.25 25.01 14 1.03 -0.70 -0.33 4.32 -0.42 -0.18 25 X Y 
125.49 9.85 12 0.05 3.95 -4.00 -1.24 -2.14 -4.26 25 X Y 
-66.87 -23.87 221 -0.82 -0.36 1.19 -0.36 -4.59 0.12 25 X Y 
-63.79 -19.27 606 -3.18 -0.78 3.96 -2.34 5.52 0.03 25 X Y 
-178.77 -23.44 418 -1.01 0.12 0.88 -1.01 -3.00 -0.44 26 X Y 
155.73 -7.45 22 1.05 -0.83 -0.22 0.45 -0.50 0.57 25 X Y 
149.54 -6.30 48 3.39 -3.91 0.52 0.65 -0.17 -0.08 25 X Y 
92.17 6.23 17 -0.33 -0.54 0.87 0.08 -0.21 -0.84 25 X Y 
161.07 -8.02 12 0.99 -0.47 -0.51 -0.29 0.35 0.49 25 X Y 
172.24 52.71 29 1.17 -1.73 0.56 1.92 1.27 0.00 25 X Y 
163.15 57.00 17 0.93 -0.17 -0.77 -0.21 -0.09 -0.45 26 X Y 
25.21 -22.54 30 -6.29 2.60 3.70 -1.82 0.00 -4.01 25 X Y 
60.37 35.81 12 1.17 -1.23 0.06 -0.04 0.46 0.62 25 X Y 
-67.92 -23.20 164 -0.95 -0.44 1.40 0.43 -2.77 -1.02 25 X Y 
-178.37 -18.03 646 -0.83 -0.26 1.08 1.23 -0.43 -0.69 25 X Y 
-72.04 -33.06 23 0.79 0.03 -0.81 -0.06 -0.82 -0.04 25 X Y 
-72.07 -33.13 26 1.30 0.04 -1.33 0.06 -2.03 -0.02 26 X Y 
124.89 5.49 31 2.25 -0.77 -1.49 -0.23 -0.39 1.30 26 X Y 
-136.60 60.03 15 1.60 -0.91 -0.68 0.03 -0.79 1.94 25 X Y 
-136.60 59.91 14 0.52 0.69 -1.21 -0.56 -0.41 2.77 25 X Y 
71.42 39.50 24 0.38 0.57 -0.94 -0.72 0.15 -0.68 25 X Y 
-178.38 51.76 12 -1.05 -0.81 1.86 0.30 -0.17 -2.19 25 X Y 
126.28 24.28 19 0.03 0.63 -0.66 0.22 0.10 1.35 25 X Y 
167.20 -14.55 181 1.50 -0.16 -1.34 -0.74 -0.29 0.79 26 X Y 
-25.51 -56.43 19 4.84 -0.45 -4.39 -1.44 3.03 1.83 25 X Y 
-90.38 12.69 18 -2.22 -0.47 2.69 0.85 -0.05 -0.35 25 X Y 
152.53 -4.04 25 0.47 2.44 -2.91 -0.58 -0.03 -0.23 25 X Y 
124.02 9.33 545 -0.21 -0.47 0.68 -0.88 0.39 -0.36 25 X Y 
120.40 -1.24 12 -0.77 0.89 -0.12 0.38 -0.01 -0.26 26 X Y 
170.83 54.14 13 0.13 -1.66 1.54 -0.13 0.03 -0.32 26 X Y 
145.18 -4.74 214 -0.87 1.00 -0.14 -0.04 -0.50 -0.65 25 X Y 
26.32 38.81 12 -4.10 4.03 0.08 -0.19 0.21 -1.43 25 X Y 
-92.17 14.92 73 -1.48 0.84 0.63 2.25 -1.83 -1.10 26 X Y 
-177.84 -30.62 50 1.09 -0.08 -1.01 0.09 0.49 -0.31 25 X Y 
179.66 -24.15 538 0.42 -0.79 0.38 -0.81 -1.22 -0.49 25 X Y 
-91.38 13.57 38 1.66 -1.28 -0.38 0.62 -0.46 0.69 26 X Y 
-176.26 -19.49 14 -0.12 -1.16 1.29 -0.21 0.21 -0.66 25 X Y 
-177.32 -30.27 29 1.42 -0.06 -1.36 0.01 1.19 -0.42 25 X Y 
-179.92 -30.93 409 -0.46 -0.77 1.23 -0.74 -0.65 -0.06 25 X Y 
-80.73 -0.36 14 0.71 0.03 -0.74 0.00 -1.06 -0.13 25 X Y 
124.68 11.15 12 -0.95 6.47 -5.52 -0.99 -0.57 -2.36 25 X Y 
163.99 -49.24 32 0.45 0.36 -0.80 0.42 -0.11 0.17 26 X Y 
153.19 -4.93 34 3.26 -1.09 -2.16 2.22 -2.85 -3.14 25 X Y 
168.62 54.63 16 -0.16 -3.40 3.56 -1.24 -1.08 -0.51 25 X Y 
169.78 54.13 23 -0.12 -5.11 5.23 0.42 0.24 -1.49 27 X Y 
-73.65 -16.70 66 2.89 -6.11 3.22 2.43 -0.98 1.53 25 X Y 
66.49 -17.11 17 -0.11 -1.10 1.22 -0.13 -0.02 0.51 25 X Y 
27.56 36.79 12 -1.06 1.13 -0.08 -0.38 -0.08 -0.06 26 X Y 
130.13 26.90 12 -0.94 0.24 0.70 0.29 0.43 0.54 25 X Y 
-49.39 13.42 29 -0.75 1.05 -0.30 -0.09 0.55 0.37 25 X Y 
103.89 33.21 16 -0.17 5.70 -5.52 0.76 1.56 -3.77 25 X Y 
82.74 44.40 28 3.56 -4.06 0.51 -0.37 -1.25 -0.64 25 X Y 
120.65 14.03 180 3.46 -2.34 -1.12 0.83 -1.04 0.30 25 X Y 
101.43 -3.81 43 4.21 -1.82 -2.39 3.61 -2.88 2.21 25 X Y 
-14.15 -0.87 22 -0.12 0.52 -0.40 0.10 0.20 -0.97 26 X Y 
-178.77 -17.80 560 -1.45 6.41 -4.95 2.35 -2.41 0.33 25 X Y 
148.15 -1.25 16 -0.63 -3.29 3.91 0.21 0.26 0.28 25 X Y 
99.59 -1.23 49 3.06 -1.37 -1.70 1.68 -2.18 1.59 25 X Y 
-24.84 -57.91 39 1.42 0.08 -1.50 -0.08 0.56 0.31 25 X Y 
139.75 27.79 460 -0.84 0.39 0.44 0.16 -1.02 -0.65 25 X Y 
-94.66 15.38 45 -1.09 0.36 0.73 1.75 -1.89 -0.65 28 X Y 
-98.63 18.59 51 -6.56 5.32 1.24 -0.42 -0.48 -2.36 26 X Y 
162.26 -50.51 22 0.01 1.85 -1.87 0.26 -0.33 0.18 25 X Y 
144.69 38.02 17 -1.83 0.17 1.66 0.43 1.75 0.95 25 X Y 
168.95 -18.85 208 2.33 2.93 -5.26 3.32 -0.04 -0.70 25 X Y 
-95.11 16.72 13 -1.23 1.30 -0.07 0.08 -0.31 0.69 25 X Y 
-176.47 -23.79 111 -0.33 -0.91 1.24 -1.92 -4.93 -0.93 25 X Y 
144.00 37.48 14 -1.84 -0.18 2.01 0.25 0.88 1.43 25 X Y 
-175.82 -19.03 13 -0.11 -0.94 1.04 -0.11 0.16 -1.13 25 X Y 
154.32 -61.56 15 -0.17 2.11 -1.94 -0.62 0.46 -1.53 25 X Y 
176.82 52.37 121 0.78 -5.53 4.75 4.98 -4.20 -1.56 25 X Y 
-69.86 -18.58 106 -1.35 0.28 1.07 0.72 -2.89 -0.40 25 X Y 
8.92 -53.89 16 -0.15 1.55 -1.40 0.12 0.22 0.38 26 X Y 
-173.29 -20.72 17 1.26 -0.33 -0.93 0.67 1.29 -0.52 25 X Y 
123.02 -7.25 557 -1.23 1.23 0.00 0.06 0.75 0.50 26 X Y 
169.14 -21.61 13 1.04 -0.29 -0.75 0.53 -0.85 0.46 26 X Y 
127.71 -3.83 12 1.55 -1.75 0.20 0.42 -0.40 0.18 25 X Y 
168.90 -21.72 12 -1.19 0.49 0.69 -0.38 0.40 -0.64 25 X Y 
168.79 -21.64 12 -7.14 3.04 4.10 -1.72 1.71 -3.56 25 X Y 
-173.09 -15.06 35 0.34 0.22 -0.56 -1.12 0.03 0.86 26 X Y 
143.45 -4.25 118 4.74 -4.73 -0.01 4.54 -0.51 -0.10 25 X Y 
141.52 32.45 19 1.07 0.08 -1.15 -0.07 0.46 -0.03 25 X Y 
-14.25 -11.69 12 0.02 -0.81 0.79 -0.28 0.11 1.73 25 X Y 
45.84 34.83 18 0.38 -0.08 -0.30 1.33 -0.77 0.27 27 X Y 
145.01 38.07 14 -1.10 0.42 0.69 0.09 0.08 0.48 25 X Y 
-84.58 9.45 30 0.71 -0.59 -0.12 0.58 -0.33 0.31 26 X Y 
95.14 29.69 12 4.36 -2.70 -1.66 -2.76 3.49 2.68 25 X Y 
168.62 -21.52 12 -3.07 0.98 2.09 -0.14 0.55 -1.27 25 X Y 
168.55 -21.44 12 -6.20 2.29 3.91 -0.22 1.82 -2.89 25 X Y 
168.67 -21.45 12 -3.19 0.68 2.51 -0.72 1.10 -1.31 26 X Y 
168.84 -21.49 22 -1.56 0.52 1.04 -0.44 -0.49 -0.48 25 X Y 
-175.14 -14.60 15 -0.10 0.25 -0.15 0.24 0.20 1.14 25 X Y 
153.09 -4.79 59 1.00 -1.21 0.22 0.58 0.30 0.19 25 X Y 
-23.35 -0.98 15 -0.77 1.70 -0.94 2.28 0.87 -5.74 25 X Y 
57.16 30.64 12 1.30 -0.91 -0.39 -0.62 0.59 0.77 25 X Y 
147.68 -6.29 45 1.18 -1.25 0.07 0.17 -0.27 0.37 25 X Y 
-80.60 -0.58 29 1.29 0.15 -1.44 0.28 -2.03 -0.22 25 X Y 
140.17 10.09 16 0.57 3.86 -4.43 -3.13 0.21 -2.37 25 X Y 
140.15 10.00 12 0.00 3.10 -3.10 -0.02 -0.83 0.60 25 X Y 
140.17 10.03 12 -0.09 1.50 -1.41 -0.12 -0.42 -0.25 25 X Y 
57.10 30.66 12 0.97 -0.65 -0.32 -0.60 0.51 0.52 25 X Y 
57.13 30.74 12 1.20 -1.15 -0.06 -0.66 0.18 0.45 25 X Y 
2.28 -54.40 20 -0.93 7.41 -6.47 0.30 1.07 0.04 25 X Y 
108.11 -7.91 109 0.22 0.50 -0.73 0.38 -0.28 -0.27 26 X Y 
178.42 -24.80 588 -0.56 0.47 0.08 -0.24 -0.65 -0.72 25 X Y 
-83.86 17.56 17 -0.24 -0.97 1.21 0.12 0.20 2.09 27 X Y 
-74.78 -15.95 41 5.57 -3.12 -2.44 0.76 -1.53 3.39 26 X Y 
-111.06 26.78 17 -0.20 -3.04 3.24 -0.10 -0.46 -0.61 25 X Y 
-69.66 -18.93 134 -2.39 -0.36 2.75 0.30 -2.75 -0.01 25 X Y 
106.16 -7.18 53 0.22 -1.02 0.80 0.82 0.57 -0.17 25 X Y 
-149.12 56.22 34 0.24 -0.48 0.25 0.19 -0.36 0.79 28 X Y 
142.55 41.07 44 3.97 0.16 -4.13 1.79 3.32 -1.12 25 X Y 
166.50 55.54 12 0.86 -2.31 1.45 -1.42 -0.21 -1.53 25 X Y 
145.90 -3.36 12 -0.16 0.39 -0.23 0.34 -0.47 2.93 25 X Y 
9.95 -53.06 12 -0.30 0.86 -0.55 0.21 0.08 0.07 26 X Y 
70.72 36.51 205 2.24 -1.75 -0.49 1.08 1.45 -0.99 25 X Y 
-177.41 -16.35 17 0.02 -0.94 0.93 0.09 0.11 0.61 25 X Y 
121.70 24.14 15 0.67 -0.96 0.29 2.19 0.77 -0.17 25 X Y 
121.54 24.00 14 2.45 -4.25 1.80 1.44 -0.59 -2.54 25 X Y 
-178.54 -17.80 571 0.36 0.42 -0.78 0.84 -0.48 0.37 25 X Y 
146.65 13.66 18 -0.47 -0.32 0.79 0.64 0.45 0.56 25 X Y 
-97.88 16.53 20 3.19 -2.53 -0.66 5.46 -3.03 1.11 26 X Y 
-97.80 16.17 17 0.61 -0.56 -0.06 0.89 -0.08 0.05 25 X Y 
142.97 -6.29 12 1.69 -1.29 -0.40 1.13 -0.26 0.70 27 X Y 
126.82 -2.65 13 0.84 -0.16 -0.68 0.31 -0.74 0.61 25 X Y 
143.18 -6.58 12 1.95 -1.33 -0.62 1.52 -1.23 1.11 25 X Y 
150.18 -60.23 12 -0.01 0.83 -0.82 -0.26 0.05 -0.95 25 X Y 
142.40 -6.25 12 0.92 -0.91 -0.01 1.41 -1.57 0.64 25 X Y 
142.50 -6.38 12 0.95 -0.72 -0.23 0.44 -0.31 0.39 25 X Y 
142.49 -6.43 12 0.83 -0.64 -0.19 0.80 -0.58 0.39 26 X Y 
153.26 -4.37 33 0.22 1.48 -1.70 -0.64 -0.14 0.50 26 X Y 
-15.12 -1.12 20 -0.14 0.45 -0.30 0.13 0.26 -0.99 25 X Y 
151.48 -5.74 41 4.02 -3.31 -0.71 0.21 0.00 -2.02 25 X Y 
95.93 -45.69 12 0.04 -1.47 1.43 -0.07 -0.03 -0.52 25 X Y 
129.84 -6.72 182 0.28 -3.07 2.79 2.06 4.11 -1.36 25 X Y 
151.37 -5.69 50 1.24 -1.23 -0.01 0.30 -0.19 -0.43 26 X Y 
151.60 -5.67 42 2.62 -2.38 -0.24 0.66 0.10 -1.04 26 X Y 
-176.75 -24.73 93 -1.25 0.16 1.10 -0.21 -1.36 -1.32 25 X Y 
-62.81 -20.63 569 -1.90 -0.12 2.01 0.15 0.79 -0.62 26 X Y 
126.88 6.69 45 1.33 0.20 -1.53 0.45 0.11 -0.35 25 X Y 
142.57 -5.95 23 2.23 -1.24 -0.99 0.52 -0.09 2.73 25 X Y 
-71.58 -31.05 82 -2.20 1.25 0.95 0.52 -1.83 -0.68 25 X Y 
126.85 1.51 40 0.22 0.96 -1.18 0.20 0.22 -0.80 25 X Y 
-111.78 -24.35 17 -0.08 -0.92 1.00 -0.09 0.03 0.70 25 X Y 
-154.76 19.12 12 1.53 -0.90 -0.64 1.34 1.66 -0.78 26 X Y 
124.02 14.55 24 1.60 -0.24 -1.37 -0.67 2.03 0.56 25 X Y 
151.78 -6.04 14 0.81 -0.87 0.06 0.83 0.17 -0.18 25 X Y 
71.25 37.05 126 2.71 -3.73 1.02 -1.25 -1.82 -0.88 25 X Y 
-178.21 -34.67 14 -1.37 -0.30 1.67 -0.32 -0.14 0.14 25 X Y 
-177.56 -16.16 15 0.05 -1.03 0.98 0.11 0.05 0.60 25 X Y 
167.89 -17.71 42 2.09 -0.03 -2.07 0.33 0.03 0.60 25 X Y 
158.16 51.40 62 1.45 -1.54 0.09 -1.19 -0.82 -0.60 25 X Y 
-177.79 -30.64 46 1.30 -0.03 -1.27 0.08 0.61 -0.38 25 X Y 
168.88 -18.99 180 1.57 -0.51 -1.07 0.40 -4.97 1.08 25 X Y 
51.59 13.99 23 0.05 1.17 -1.21 0.28 0.24 0.83 25 X Y 
51.59 14.02 20 -0.05 0.99 -0.95 0.17 0.34 0.63 25 X Y 
166.07 -11.72 48 1.09 -0.04 -1.05 -0.03 0.20 0.19 25 X Y 
148.80 -6.44 37 1.03 -1.02 -0.01 0.27 0.46 -0.46 25 X Y 
122.55 -7.12 584 -1.17 1.42 -0.25 0.41 0.04 0.08 25 X Y 
116.51 -8.31 14 3.91 -4.28 0.37 -4.64 -0.56 -0.28 25 X Y 
116.24 -8.33 18 2.05 -2.14 0.09 -2.42 -0.41 -0.04 26 X Y 
155.27 48.43 27 -1.32 0.31 1.02 -0.87 -1.28 0.70 25 X Y 
-144.78 69.74 12 -0.77 -1.99 2.76 0.49 -1.51 -4.73 25 X Y 
-144.23 69.68 15 -0.14 -0.72 0.86 0.22 -0.25 -1.01 25 X Y 
-24.67 -58.27 32 1.19 -1.40 0.21 0.86 -0.66 -0.40 25 X Y 
-177.81 51.25 36 0.65 -0.59 -0.06 0.44 0.41 -0.25 26 X Y 
143.62 23.43 20 2.47 -0.17 -2.31 0.14 2.37 1.24 25 X Y 
119.75 -7.31 539 1.68 -0.91 -0.77 4.12 5.65 -1.78 25 X Y 
-83.19 8.64 22 1.69 -1.34 -0.36 0.28 -0.14 0.75 25 X Y 
-177.85 -17.86 555 -1.46 -0.12 1.58 -0.40 -1.86 0.72 28 X Y 
116.75 -8.40 24 2.25 -2.50 0.24 -2.02 -0.31 0.00 26 X Y 
-63.05 10.76 160 0.65 -0.54 -0.11 0.64 -0.17 -0.45 27 X Y 
168.23 -16.00 29 0.97 -0.20 -0.78 0.01 0.16 0.03 26 X Y 
-127.93 43.50 19 -0.11 -1.70 1.81 0.04 0.03 -1.54 25 X Y 
-177.59 51.26 31 2.62 -2.43 -0.19 2.07 1.54 -0.95 25 X Y 
-70.82 -11.18 628 -4.95 0.68 4.27 -0.60 2.10 -1.77 26 X Y 
-171.01 51.99 36 0.84 -0.79 -0.05 0.47 0.33 -0.39 25 X Y 
46.10 34.49 16 0.06 -0.11 0.05 0.39 -0.12 1.20 25 X Y 
124.14 -10.82 12 2.08 -2.41 0.32 -0.39 -0.53 -0.16 25 X Y 
147.05 16.64 56 -0.02 2.28 -2.26 -3.45 4.30 -1.31 25 X Y 
169.82 -22.29 18 2.35 -1.10 -1.25 1.24 -1.11 1.07 26 X Y 
142.04 42.75 31 0.77 0.01 -0.78 -0.11 0.83 0.42 26 X Y 
179.86 -18.24 687 0.35 0.52 -0.88 -0.10 -0.35 0.30 28 X Y 
-78.95 -2.39 108 -2.10 -0.19 2.29 0.70 -1.09 -1.14 25 X Y 
-178.20 -18.07 612 -0.45 0.01 0.44 -0.90 -0.45 0.02 25 X Y 
126.43 7.14 15 -0.75 1.67 -0.92 0.43 0.32 -1.35 25 X Y 
161.48 -10.16 71 5.14 -3.23 -1.91 1.35 3.50 4.82 25 X Y 
-179.16 -31.92 117 -1.13 -1.49 2.62 -2.04 -1.30 0.43 26 X Y 
170.01 -22.05 19 2.45 -1.07 -1.38 0.96 -1.79 1.49 25 X Y 
178.37 -25.26 591 -1.52 3.55 -2.04 -3.36 3.90 -2.68 25 X Y 
119.89 -0.25 12 -0.29 0.04 0.24 -0.62 -0.26 -1.39 25 X Y 
119.86 -0.72 12 -0.48 0.76 -0.27 -1.45 -0.87 -2.19 27 X Y 
-178.11 -18.31 564 -0.56 0.31 0.25 -0.31 -1.02 0.50 26 X Y 
120.16 -10.57 22 0.92 -0.94 0.03 0.55 -0.12 0.41 25 X Y 
156.61 49.27 23 1.64 -0.48 -1.17 0.61 0.96 -0.84 25 X Y 
114.48 -7.45 14 1.02 -0.89 -0.14 -0.20 0.25 0.49 25 X Y 
151.20 -5.98 39 3.25 -3.28 0.03 1.64 -0.16 -1.13 26 X Y 
151.15 -6.02 35 1.77 -1.47 -0.30 0.62 -0.24 -0.32 25 X Y 
151.26 -6.15 30 1.18 -1.06 -0.12 0.63 -0.08 -0.28 25 X Y 
151.78 -5.06 134 2.38 -1.90 -0.47 2.33 1.74 -0.72 25 X Y 
156.66 49.18 22 5.94 -1.77 -4.17 2.22 3.19 -2.82 25 X Y 
153.43 52.71 473 -0.54 0.25 0.29 -0.09 -0.91 -0.88 26 X Y 
169.63 -21.77 22 -0.10 2.06 -1.96 1.50 -2.68 -0.50 25 X Y 
169.52 -21.74 15 0.13 -0.00 -0.12 0.88 -0.80 0.16 26 X Y 
-129.54 48.95 15 -0.33 -6.51 6.84 -0.17 -0.13 -1.95 25 X Y 
-129.89 49.14 16 -0.16 -1.56 1.71 0.08 -0.02 -0.42 26 X Y 
-130.13 49.00 15 -0.02 -5.60 5.62 0.09 -1.21 2.34 25 X Y 
20.60 37.27 16 0.39 0.28 -0.66 1.76 -0.96 1.09 26 X Y 
-90.76 12.71 12 1.12 -0.79 -0.33 1.11 -0.86 0.39 25 X Y 
-66.60 -57.55 21 3.67 -0.72 -2.96 0.71 1.11 1.41 25 X Y 
174.94 -39.07 226 1.08 0.08 -1.16 1.39 -0.03 -0.72 25 X Y 
-69.57 -19.63 116 -1.58 -0.20 1.78 0.35 -1.96 -0.32 25 X Y 
146.65 47.81 447 0.71 0.24 -0.95 -0.15 -1.10 0.14 25 X Y 
123.75 7.82 599 -0.96 0.04 0.91 0.34 -0.63 -0.27 25 X Y 
145.68 44.60 12 1.06 -0.13 -0.93 -0.36 -0.41 -0.41 25 X Y 
-10.81 71.51 15 -0.06 1.31 -1.25 -0.35 0.55 1.44 26 X Y 
-173.71 -20.53 20 1.33 -0.02 -1.31 0.46 0.78 -0.55 25 X Y 
-49.93 15.65 12 -1.56 2.46 -0.90 -0.51 -0.76 1.69 25 X Y 
162.33 55.54 52 1.81 -2.22 0.41 0.36 0.52 -0.61 25 X Y 
-25.08 -56.79 18 3.90 -0.10 -3.80 -0.84 2.62 1.30 25 X Y 
-122.26 -56.23 12 -0.38 1.48 -1.10 -0.68 -0.80 2.99 25 X Y 
163.20 -10.48 12 -1.42 1.37 0.05 0.13 -0.12 1.37 25 X Y 
-178.79 -17.86 555 -0.16 1.51 -1.35 0.74 -0.52 0.28 26 X Y 
-81.13 13.22 12 -0.09 -0.73 0.82 0.02 -0.09 0.89 25 X Y 
45.58 34.24 23 0.38 2.80 -3.18 0.69 -0.01 1.70 25 X Y 
-150.02 61.49 48 -3.58 -0.40 3.98 0.46 2.86 0.64 26 X Y 
128.67 -7.47 146 5.73 -2.51 -3.22 1.26 1.27 3.41 25 X Y 
169.25 -21.95 18 -2.42 1.33 1.09 -0.56 0.49 -1.18 27 X Y 
169.81 -21.98 18 1.14 -0.49 -0.65 0.40 -0.67 0.56 26 X Y 
-25.68 -58.58 147 0.46 1.85 -2.30 0.63 5.00 1.73 26 X Y 
-129.33 -55.33 18 -0.40 2.59 -2.19 -0.19 -0.01 2.85 25 X Y 
140.40 -3.94 73 -1.13 0.69 0.44 -1.09 1.24 -0.65 25 X Y 
-101.06 -36.17 16 -0.36 -0.36 0.72 0.36 -0.50 -2.68 25 X Y 
164.75 54.94 18 -0.43 -0.50 0.93 -0.11 0.13 0.43 27 X Y 
151.99 -5.75 23 0.89 -0.87 -0.02 0.67 0.01 -0.26 25 X Y 
166.56 -13.45 51 1.21 -0.07 -1.14 -0.09 0.50 0.30 25 X Y 
-174.94 -20.20 118 -0.56 0.46 0.09 -0.07 -5.61 1.43 25 X Y 
164.60 55.33 17 0.18 -1.52 1.34 0.11 0.33 0.77 25 X Y 
126.91 5.87 54 2.69 0.85 -3.54 1.52 -0.97 -0.57 26 X Y 
-161.41 54.29 38 1.10 -0.81 -0.30 0.88 0.59 -0.62 25 X Y 
-178.16 51.19 32 0.87 -0.88 0.01 1.07 0.22 -0.01 25 X Y 
-71.68 -8.10 588 -1.65 0.13 1.52 -0.41 0.47 -0.53 26 X Y 
126.63 2.48 35 0.98 -0.13 -0.85 -0.27 -0.32 -0.40 26 X Y 
131.31 30.46 29 3.37 -1.16 -2.21 2.82 1.88 -1.58 25 X Y 
166.50 -13.41 39 0.75 0.00 -0.76 -0.10 0.16 0.10 26 X Y 
146.34 -3.15 12 -0.03 -0.47 0.50 0.01 -0.30 2.08 25 X Y 
168.47 -19.17 48 1.39 -0.05 -1.34 -0.05 0.07 0.50 25 X Y 
-71.39 -30.18 61 -1.25 0.38 0.87 -0.37 -0.16 0.14 26 X Y 
119.09 -10.32 20 1.15 -1.26 0.12 1.22 -0.18 -0.12 25 X Y 
119.07 -10.37 19 3.95 -4.20 0.25 4.11 -0.08 -0.39 25 X Y 
42.17 -43.01 18 -1.11 1.13 -0.02 0.16 0.02 0.29 26 X Y 
156.25 -6.99 365 1.44 -0.48 -0.97 -1.99 -0.86 -0.72 25 X Y 
-179.01 -21.04 602 -1.20 0.62 0.58 -1.82 -1.00 0.11 25 X Y 
-92.46 14.86 46 -0.08 -0.10 0.18 0.92 -0.76 -0.09 26 X Y 
99.86 -3.11 28 0.82 -0.38 -0.45 1.42 -1.22 0.41 25 X Y 
99.95 -3.04 15 0.43 -0.15 -0.28 2.16 -1.60 0.26 25 X Y 
146.05 19.01 139 -0.12 0.63 -0.51 -0.93 0.24 1.06 25 X Y 
-35.87 35.26 17 -0.08 0.97 -0.89 -0.32 0.22 1.98 25 X Y 
152.13 -3.33 372 -4.72 3.88 0.84 1.65 -0.22 0.76 25 X Y 
-77.09 -2.26 121 -1.28 0.41 0.87 1.32 -0.76 -0.97 27 X Y 
-70.14 -14.78 274 -1.26 2.47 -1.22 3.48 -0.95 -1.86 26 X Y 
146.86 41.98 35 -0.50 1.28 -0.78 -0.13 0.57 0.24 25 X Y 
-177.58 -31.92 12 3.47 -0.13 -3.33 0.82 3.30 -1.14 25 X Y 
126.20 10.35 43 1.31 0.17 -1.47 0.22 0.56 0.19 25 X Y 
-178.61 -17.81 581 -1.28 2.21 -0.94 2.01 -0.97 1.20 25 X Y 
152.09 -10.13 12 -0.29 1.53 -1.25 0.05 -0.03 0.52 25 X Y 
-65.90 -17.74 381 2.06 -2.34 0.29 -1.87 -1.36 2.70 25 X Y 
167.48 -15.58 130 2.51 0.19 -2.70 -0.12 -1.76 -0.42 25 X Y 
-76.31 4.62 129 -0.38 -0.25 0.63 0.00 -1.58 0.10 25 X Y 
126.36 1.77 42 1.93 0.09 -2.02 0.00 -0.42 -0.63 25 X Y 
160.11 50.42 12 -2.37 1.27 1.09 0.60 0.34 1.40 25 X Y 
151.06 -5.94 48 2.16 -2.36 0.20 0.75 -0.28 -0.65 25 X Y 
-81.05 -1.99 16 1.42 -0.02 -1.40 0.21 -2.45 0.17 25 X Y 
65.23 -17.77 16 -0.13 -1.00 1.13 -0.20 0.06 0.61 25 X Y 
177.97 52.17 12 -0.49 -1.13 1.62 -0.76 -1.24 -4.48 25 X Y 
-27.45 -56.02 58 -0.33 1.25 -0.91 -4.04 -4.56 1.11 25 X Y 
124.86 -6.92 546 -0.82 -0.86 1.67 -2.43 -1.07 1.35 25 X Y 
-24.60 -58.71 43 5.47 -6.81 1.34 2.51 3.87 -0.28 25 X Y 
143.35 40.37 17 0.84 -0.08 -0.76 0.76 1.31 -0.30 25 X Y 
122.56 -1.85 12 0.25 1.62 -1.87 0.04 -0.32 0.13 26 X Y 
-172.70 -15.36 61 -1.33 1.49 -0.16 -0.32 0.52 -0.40 25 X Y 
148.73 -6.72 25 1.09 -1.28 0.19 1.30 -0.17 -0.17 25 X Y 
121.40 24.09 30 1.89 -0.98 -0.90 0.25 -1.24 -1.13 25 X Y 
139.35 -51.10 12 -0.17 0.42 -0.26 -0.57 -0.03 -3.93 25 X Y 
120.39 15.13 12 -0.22 1.47 -1.25 -0.05 -0.10 -0.73 25 X Y 
-27.06 -56.35 83 -0.14 0.71 -0.57 -0.37 -0.56 0.90 25 X Y 
125.16 11.88 53 2.51 -1.29 -1.21 -0.72 -5.12 -1.88 25 X Y 
-178.78 -24.71 384 -0.39 -0.04 0.43 -0.09 -1.04 -0.14 25 X Y 
94.67 28.35 16 0.22 -0.25 0.04 1.72 -0.24 -0.24 25 X Y 
57.14 10.94 16 0.15 -3.08 2.93 -0.77 -1.33 -1.82 25 X Y 
160.10 -6.89 28 -1.32 1.64 -0.33 0.81 0.99 -1.60 25 X Y 
146.49 -7.06 128 -4.37 3.99 0.38 -4.37 1.87 -0.27 26 X Y 
131.92 31.78 30 2.29 -0.61 -1.69 1.16 1.78 -1.01 25 X Y 
-82.87 8.52 23 0.03 0.22 -0.25 0.12 0.20 1.49 25 X Y 
152.52 -4.03 22 0.35 2.62 -2.98 0.14 -0.12 -0.20 27 X Y 
152.98 -4.66 34 0.01 0.94 -0.95 -0.41 -0.11 -0.31 25 X Y 
169.68 -21.74 29 3.67 -1.06 -2.61 0.81 -2.10 2.00 25 X Y 
169.61 -21.67 31 1.21 -0.07 -1.14 -0.06 -0.91 0.59 25 X Y 
169.61 -21.65 31 3.56 -0.89 -2.67 0.46 -2.04 1.96 25 X Y 
-178.23 51.26 39 1.05 -1.05 0.00 0.59 0.59 -0.38 25 X Y 
-75.36 -5.25 127 -1.06 -0.08 1.14 0.06 -0.48 -0.26 28 X Y 
-89.55 13.07 46 -0.54 0.70 -0.16 0.47 -0.53 -0.25 26 X Y 
-176.13 -21.77 180 -0.21 0.15 0.06 -0.36 -1.22 0.28 25 X Y 
126.54 6.22 88 1.37 0.40 -1.77 -0.65 1.17 0.17 25 X Y 
-173.72 -21.51 12 0.92 -0.20 -0.72 0.42 0.66 -0.42 25 X Y 
97.65 0.35 14 0.47 -0.23 -0.24 0.89 -0.86 0.23 25 X Y 
139.17 29.08 439 -0.46 0.69 -0.23 0.82 -4.80 -0.99 25 X Y 
-72.16 -30.12 12 2.43 0.06 -2.50 -0.17 -2.71 -0.11 25 X Y 
-174.01 -21.33 15 1.38 -0.03 -1.36 0.41 0.89 -0.63 25 X Y 
-177.79 -30.93 48 0.97 -0.08 -0.89 0.07 0.52 -0.27 27 X Y 
-177.79 -31.07 35 3.20 -0.14 -3.06 0.43 2.47 -0.93 25 X Y 
-177.22 -30.85 15 1.32 -0.08 -1.24 0.25 1.06 -0.45 25 X Y 
139.41 38.64 14 5.03 -0.94 -4.09 -2.39 -3.97 -2.33 25 X Y 
-177.20 -31.11 14 0.77 -0.02 -0.74 0.14 0.85 -0.22 25 X Y 
-177.81 -30.68 49 5.84 -0.28 -5.56 0.14 2.74 -1.41 25 X Y 
138.53 -2.17 13 0.18 3.00 -3.18 -0.06 -0.22 0.78 25 X Y 
-177.08 -30.80 12 2.39 0.02 -2.40 0.47 1.72 -0.78 25 X Y 
138.58 -2.66 20 1.81 -1.24 -0.57 0.01 0.04 0.93 25 X Y 
129.17 -6.51 220 0.32 -0.77 0.45 -0.43 0.15 0.67 27 X Y 
-176.82 -30.76 12 0.82 -0.04 -0.78 0.23 0.77 -0.21 25 X Y 
164.34 56.24 16 0.24 -2.53 2.28 -0.41 -0.24 -4.84 25 X Y 
164.25 56.24 12 2.52 -3.96 1.45 -1.00 0.82 -2.49 25 X Y 
-82.87 8.34 33 0.54 2.41 -2.95 -0.43 0.08 1.49 25 X Y 
-179.22 -30.34 12 -0.43 0.44 -0.01 0.57 -0.77 3.19 25 X Y 
144.27 19.83 422 -2.74 2.36 0.39 -2.86 -1.46 -3.98 25 X Y 
167.38 -15.46 111 0.90 -0.78 -0.12 0.63 -0.45 -1.03 25 X Y 
-130.64 51.16 12 -0.08 -1.18 1.26 0.26 -0.66 2.35 25 X Y 
-117.54 35.69 13 -0.46 -5.68 6.13 -0.00 -0.56 0.49 25 X Y 
-117.58 35.78 12 -0.23 -4.11 4.34 0.51 0.49 0.95 26 X Y 
126.10 0.55 30 1.74 1.20 -2.94 -0.80 -0.51 -1.40 26 X Y 
155.19 -4.66 493 -1.11 1.16 -0.05 0.39 -0.21 0.30 25 X Y 
128.14 29.38 254 -1.67 -0.07 1.74 -0.48 -0.67 -0.32 25 X Y 
120.29 -18.15 22 0.18 0.92 -1.10 0.07 0.05 0.77 26 X Y 
128.13 -0.72 12 -0.07 0.74 -0.66 0.06 0.06 0.28 27 X Y 
149.65 -6.25 51 3.64 -4.04 0.40 0.15 -0.01 -0.21 25 X Y 
154.26 -61.31 13 -0.15 1.40 -1.25 -0.11 -0.05 -1.01 25 X Y 
121.78 20.84 15 0.03 0.58 -0.62 -0.50 -0.30 -0.84 25 X Y 
137.13 33.16 377 1.27 1.33 -2.60 0.92 -3.15 -0.72 25 X Y 
167.85 -16.28 188 0.20 0.33 -0.54 -0.72 -0.34 0.61 26 X Y 
-72.24 -34.32 25 0.82 0.01 -0.83 -0.05 -1.66 -0.16 26 X Y 
104.85 -7.40 52 2.11 -0.95 -1.17 0.88 -0.26 -1.76 26 X Y 
141.66 37.62 43 2.85 -0.40 -2.45 1.20 3.10 -1.17 25 X Y 
165.97 -11.46 47 1.59 -0.04 -1.55 -0.07 0.16 0.38 25 X Y 
139.44 -50.30 12 -0.05 0.15 -0.09 -0.02 -0.05 -1.30 25 X Y 
167.07 -14.32 127 0.15 -0.23 0.08 -1.41 -0.22 -0.20 25 X Y 
-25.82 -60.54 29 0.09 -0.51 0.42 0.33 0.37 0.59 26 X Y 
143.10 41.05 30 0.76 0.00 -0.76 0.45 1.02 -0.22 25 X Y 
-128.06 43.59 18 -0.24 -2.69 2.93 0.01 -0.22 -2.45 25 X Y 
-178.51 -20.40 614 -0.75 0.41 0.34 -0.68 -0.84 0.19 26 X Y 
111.83 -6.07 623 -2.06 1.85 0.20 0.05 -0.29 -0.46 25 X Y 
111.82 -6.15 612 -0.74 0.95 -0.21 0.11 -0.60 -0.41 25 X Y 
-67.20 19.13 12 -0.91 -0.08 0.98 0.44 0.89 0.26 25 X Y 
56.20 -33.76 12 -1.22 1.21 0.01 0.19 0.14 0.08 25 X Y 
128.39 -3.54 13 -1.29 -2.62 3.91 1.15 0.00 5.26 25 X Y 
-72.06 -40.90 139 0.81 -0.56 -0.26 0.39 0.62 1.22 25 X Y 
-177.71 -30.23 39 1.50 -0.59 -0.91 0.54 1.44 1.60 25 X Y 
126.58 5.65 77 -0.07 1.09 -1.02 -1.91 1.98 0.04 25 X Y 
-73.10 -35.56 17 0.61 0.02 -0.63 0.03 -1.39 -0.08 26 X Y 
101.04 -4.57 12 0.45 -0.20 -0.25 1.25 -0.95 0.28 25 X Y 
125.01 6.86 17 -0.35 5.26 -4.91 -0.80 -0.45 1.46 25 X Y 
169.31 -19.07 245 4.58 0.06 -4.64 1.93 -2.40 -1.63 25 X Y 
-13.72 -0.91 12 -0.32 1.46 -1.14 1.01 -0.43 -2.98 25 X Y 
125.05 6.87 18 0.03 0.97 -0.99 -0.18 -0.03 -0.25 26 X Y 
125.10 6.98 12 -2.31 6.78 -4.47 0.78 -1.60 1.59 25 X Y 
-25.80 -55.66 21 -0.59 0.99 -0.40 -1.07 -0.29 -1.24 25 X Y 
-71.37 -31.81 67 1.44 0.23 -1.67 -0.34 0.90 -0.27 25 X Y 
-175.35 -18.38 12 0.07 -0.67 0.61 0.02 0.03 -0.95 26 X Y 
-8.81 -58.10 18 -0.16 -1.18 1.33 0.22 -0.74 3.20 25 X Y 
167.88 -13.56 12 -0.08 -0.41 0.49 -0.17 0.02 1.19 25 X Y 
167.83 -13.58 12 -0.05 -0.62 0.67 -0.12 -0.12 1.02 25 X Y 
47.58 37.68 18 -0.10 -1.09 1.19 0.09 0.01 -0.46 25 X Y 
-179.42 -21.94 599 -0.71 -1.14 1.85 -2.39 -7.61 -1.94 25 X Y 
-175.47 -18.75 12 0.01 -2.18 2.17 -0.28 0.25 -1.84 25 X Y 
126.32 1.66 30 4.94 -1.00 -3.95 -1.84 -0.56 -2.31 26 X Y 
126.15 1.64 36 0.99 0.28 -1.27 0.11 -0.26 -0.51 25 X Y 
126.10 1.72 26 1.12 -0.01 -1.10 -0.74 -0.82 -0.50 25 X Y 
126.25 1.69 29 0.67 0.18 -0.85 -0.54 0.09 -0.71 25 X Y 
-93.43 14.01 23 3.16 -2.81 -0.35 1.79 -0.37 0.96 25 X Y 
153.68 53.14 504 -1.02 -0.19 1.20 0.43 -2.25 2.54 25 X Y 
101.44 19.36 12 -0.77 -0.76 1.53 0.14 0.81 1.31 25 X Y 
132.75 1.74 12 -1.68 0.00 1.68 0.20 -0.04 0.92 25 X Y 
-175.57 51.42 24 3.58 -3.27 -0.32 2.08 1.26 -1.39 25 X Y 
19.45 41.39 24 3.78 -0.25 -3.53 2.56 -3.04 1.68 25 X Y 
23.00 35.58 76 0.69 0.31 -1.01 0.60 -0.23 -0.99 25 X Y 
-178.07 51.18 30 1.26 -1.18 -0.08 0.89 0.83 -0.59 25 X Y 
-71.02 -18.59 60 1.07 0.16 -1.23 0.19 -0.70 0.43 25 X Y 
169.48 -19.07 271 0.49 -0.42 -0.07 0.14 -0.95 -0.93 25 X Y 
-175.28 -15.33 14 -0.19 1.51 -1.32 0.08 -0.19 0.96 25 X Y 
125.14 6.72 12 -0.02 1.48 -1.46 -0.67 -0.02 -0.13 26 X Y 
70.45 36.55 209 1.00 1.24 -2.24 1.59 0.37 -0.13 25 X Y 
-130.18 50.48 12 -0.01 -1.22 1.23 -0.08 -0.18 0.38 25 X Y 
-129.91 50.29 12 -0.07 -1.39 1.46 -0.12 -0.11 0.06 25 X Y 
-63.29 -26.89 577 -1.12 -0.09 1.22 -0.40 0.36 -0.12 25 X Y 
-74.11 3.45 19 0.34 0.66 -1.00 -0.50 -0.12 0.36 25 X Y 
-130.22 50.41 15 -0.14 -2.11 2.24 -0.01 -0.35 2.41 25 X Y 
-116.12 -25.38 14 -0.12 -1.45 1.58 -0.03 -0.04 0.73 25 X Y 
-94.49 16.43 86 -0.75 -0.14 0.89 0.47 -0.24 -0.52 25 X Y 
96.27 2.21 12 1.22 -0.81 -0.42 2.61 -2.79 0.63 25 X Y 
-66.79 18.02 12 -3.19 3.42 -0.24 -0.71 -1.50 2.35 25 X Y 
151.18 -5.28 121 -0.16 -0.07 0.24 -1.07 -0.35 0.27 25 X Y 
171.00 62.27 12 -1.07 4.84 -3.77 0.51 -0.50 -0.22 25 X Y 
139.30 -2.71 49 0.91 -1.32 0.42 -0.61 0.54 -0.48 25 X Y 
77.19 39.80 12 0.68 -0.51 -0.17 0.90 0.04 -0.88 25 X Y 
123.87 -0.15 129 0.78 0.26 -1.04 1.20 0.60 1.85 25 X Y 
-25.69 -59.45 104 1.45 -0.35 -1.10 0.80 1.34 -0.50 25 X Y 
-177.81 51.96 12 -0.38 -0.09 0.46 0.23 -0.85 -2.54 25 X Y 
39.02 38.29 12 -0.20 -1.02 1.22 0.51 -0.53 1.13 26 X Y 
-179.87 51.11 23 1.31 -1.34 0.03 0.82 0.61 -0.40 25 X Y 
160.89 -10.10 30 2.28 0.39 -2.67 -1.20 -1.46 0.72 25 X Y 
-79.55 19.33 24 -0.12 -1.78 1.90 0.41 -0.12 3.86 27 X Y 
161.26 -10.34 87 0.41 -0.50 0.09 0.67 -0.95 0.52 25 X Y 
113.09 -6.11 597 -1.78 1.65 0.13 -1.96 0.75 -0.47 25 X Y 
126.58 5.41 29 1.23 0.24 -1.46 0.52 1.05 -0.07 25 X Y 
152.14 -5.60 36 0.96 -0.91 -0.05 0.47 1.32 -1.00 25 X Y 
148.94 45.42 151 -1.24 1.53 -0.29 2.78 1.73 0.44 26 X Y 
44.47 38.32 14 -0.12 -0.87 0.99 0.03 -0.17 -0.67 25 X Y 
131.12 -7.55 69 0.08 -1.38 1.30 0.02 0.58 0.30 25 X Y 
58.34 -31.41 12 -0.28 0.23 0.04 0.14 0.19 1.23 25 X Y 
-175.38 -27.45 12 -4.25 -0.98 5.23 -0.45 0.15 0.40 25 X Y 
-172.06 -16.01 23 -0.71 -0.91 1.62 0.51 0.46 -0.06 25 X Y 
166.87 -13.16 187 1.36 0.06 -1.42 -0.74 -0.07 0.62 25 X Y 
115.10 -11.23 12 -2.65 3.26 -0.61 0.16 -0.21 -0.23 25 X Y 
-104.79 -4.48 12 -0.07 0.46 -0.39 0.04 0.22 1.60 25 X Y 
157.87 49.11 53 1.96 -0.20 -1.76 0.19 -0.29 -0.82 27 X Y 
125.04 5.69 60 1.46 0.25 -1.71 0.41 0.51 -0.08 25 X Y 
-115.20 44.45 14 -2.32 1.78 0.54 1.12 1.15 -5.97 25 X Y 
126.33 1.53 41 1.28 -0.31 -0.98 -0.31 -0.31 -0.49 25 X Y 
77.40 -36.78 12 -1.45 1.23 0.21 -0.45 0.56 -0.80 25 X Y 
-176.17 -30.37 46 0.91 -0.79 -0.12 -0.15 -0.65 -0.77 25 X Y 
-85.69 17.03 23 0.11 -1.07 0.96 -0.24 0.31 1.54 25 X Y 
94.06 22.61 15 0.13 0.38 -0.51 -0.41 1.90 -0.40 25 X Y 
140.08 27.12 455 -0.68 -0.02 0.70 -0.43 -0.24 -0.47 26 X Y 
142.19 38.85 43 3.69 -0.02 -3.67 1.88 3.75 -1.15 25 X Y 
154.13 -6.70 12 1.74 -0.85 -0.89 1.46 -1.22 0.86 25 X Y 
25.64 34.05 12 0.66 -0.74 0.08 0.72 -0.12 -0.03 26 X Y 
128.66 31.35 12 -0.15 -0.39 0.53 0.50 0.21 1.19 25 X Y 
129.88 -6.82 113 1.48 -1.34 -0.13 0.32 1.00 1.45 26 X Y 
154.62 -4.51 472 -1.07 1.15 -0.08 1.24 -0.64 -0.37 25 X Y 
166.42 -12.14 126 0.88 -0.17 -0.71 -0.07 -0.21 0.22 26 X Y 
-117.85 38.21 12 -1.35 -2.04 3.39 -1.53 0.20 5.46 25 X Y 
-107.91 22.54 15 -0.26 -0.87 1.13 0.09 -0.15 -1.89 25 X Y 
167.67 -17.28 12 2.89 0.36 -3.25 0.31 -0.70 0.34 25 X Y 
-70.84 -15.41 189 -0.87 0.89 -0.01 1.48 -1.40 -0.74 25 X Y 
-68.44 -23.22 109 -1.55 0.12 1.43 0.43 -0.83 -0.82 26 X Y 
-176.43 -24.67 119 0.20 -1.44 1.24 0.62 0.90 -0.14 25 X Y 
128.15 2.98 121 1.31 4.61 -5.92 2.91 2.89 2.49 25 X Y 
128.38 28.79 171 -0.70 -0.06 0.76 -0.42 -0.79 -0.55 26 X Y 
145.00 18.89 593 -2.76 1.49 1.26 -0.40 0.31 -1.38 25 X Y 
-177.55 -33.39 37 -0.36 -0.99 1.34 -0.67 -0.29 -0.68 27 X Y 
-18.72 66.46 12 -1.25 0.01 1.23 0.20 -0.18 0.04 25 X Y 
123.71 0.02 98 0.62 -0.84 0.22 1.05 0.47 -0.04 25 X Y 
-96.07 16.02 22 0.70 -0.70 0.01 1.09 -0.64 0.17 27 X Y 
82.35 35.71 13 -2.66 -0.54 3.20 0.82 0.32 1.05 25 X Y 
140.14 12.07 12 -0.25 -0.96 1.20 -0.02 0.36 2.05 25 X Y 
110.55 -5.69 535 -1.03 1.00 0.03 0.26 -0.59 -0.49 26 X Y 
147.74 -7.84 72 -0.74 -2.35 3.09 -1.95 4.05 0.70 26 X Y 
-70.11 -20.25 76 -0.77 -0.13 0.90 0.17 -0.92 0.24 25 X Y 
95.04 11.94 12 -0.50 0.50 0.00 0.62 0.16 1.69 25 X Y 
-172.84 -15.27 17 1.25 0.59 -1.84 0.66 1.58 0.35 25 X Y 
-178.69 -20.74 626 -0.73 1.06 -0.33 -0.83 -0.69 0.05 25 X Y 
-159.28 54.83 36 4.15 -3.23 -0.92 5.38 2.93 -1.65 27 X Y 
86.87 33.10 17 -4.41 -1.08 5.48 -0.15 -0.45 1.00 25 X Y 
-25.01 -60.97 12 -3.44 2.00 1.44 1.01 0.40 2.85 25 X Y 
-161.03 54.57 44 1.16 -0.95 -0.21 0.68 0.69 -0.76 25 X Y 
124.05 7.26 492 -3.46 -0.64 4.10 -1.37 -2.30 -0.69 25 X Y 
148.70 -3.26 12 -0.08 1.09 -1.01 0.15 0.09 1.09 25 X Y 
167.91 -16.18 190 1.12 -0.15 -0.97 -5.63 -3.54 0.23 25 X Y 
42.60 -41.87 20 -0.08 1.13 -1.05 0.45 0.19 3.82 25 X Y 
39.76 -7.25 17 -1.14 0.29 0.85 0.18 -0.32 0.56 25 X Y 
123.98 12.04 12 -0.08 1.06 -0.98 -0.07 -0.01 -0.31 26 X Y 
100.99 -4.56 23 0.72 -0.39 -0.33 0.93 -0.63 0.38 26 X Y 
100.86 -4.47 25 1.23 -0.56 -0.67 2.71 -1.90 0.61 26 X Y 
123.52 -6.64 637 -3.03 2.24 0.78 -0.16 0.79 0.47 26 X Y 
-84.69 9.48 29 1.17 -0.99 -0.18 0.87 -0.62 0.56 25 X Y 
151.90 -5.71 31 1.94 -2.03 0.09 1.52 -0.08 -0.60 25 X Y 
-29.99 0.84 17 -0.64 1.14 -0.50 1.58 1.68 -7.09 25 X Y 
70.19 -4.11 15 -0.54 2.46 -1.91 0.58 -0.22 -0.06 25 X Y 
-15.69 -35.28 19 -0.02 -0.48 0.50 -0.02 0.06 0.95 25 X Y 
-71.41 -28.01 34 1.67 0.07 -1.75 0.43 -1.72 -0.09 26 X Y 
-71.37 -28.05 38 2.58 0.13 -2.71 0.85 -1.93 -0.24 25 X Y 
-71.46 -28.03 24 3.30 0.40 -3.70 1.02 -3.97 -0.18 25 X Y 
126.43 1.97 37 0.96 -0.58 -0.38 -0.61 -0.39 -0.37 25 X Y 
-71.80 -30.41 38 3.34 0.12 -3.46 0.38 -2.26 -0.05 25 X Y 
167.62 -17.11 12 2.02 0.36 -2.38 -0.15 -0.68 -0.12 25 X Y 
-37.18 7.79 12 -0.08 -0.06 0.13 0.13 -0.00 -1.02 26 X Y 
125.82 6.28 125 3.93 0.50 -4.44 -1.58 1.27 0.12 25 X Y 
168.49 -17.08 13 -0.05 0.93 -0.89 0.36 0.12 -2.04 25 X Y 
129.80 -4.77 193 0.12 -0.20 0.09 -0.28 1.67 0.61 25 X Y 
-69.99 -21.38 57 0.40 -2.87 2.47 0.45 1.00 0.20 25 X Y 
142.18 38.70 43 1.35 0.02 -1.37 0.54 1.30 -0.37 25 X Y 
158.34 55.84 353 0.66 -1.35 0.69 -5.11 3.34 -0.34 25 X Y 
179.99 -14.93 15 0.11 -0.10 -0.01 0.03 -0.16 1.17 25 X Y 
25.34 34.89 15 0.03 -0.03 0.00 1.66 -0.55 0.03 25 X Y 
-26.91 0.94 14 -0.05 0.38 -0.32 0.40 -0.12 -2.41 26 X Y 
31.69 -48.07 12 -0.98 1.64 -0.65 0.53 0.50 1.47 25 X Y 
-173.79 -19.40 42 4.62 0.45 -5.07 -0.44 -5.22 2.81 25 X Y 
148.68 -6.11 87 0.95 0.45 -1.40 0.73 -0.68 0.24 25 X Y 
-159.72 54.80 38 0.81 -0.68 -0.13 0.63 0.33 -0.39 25 X Y 
-178.36 -18.07 643 0.38 0.01 -0.38 0.13 -1.30 -0.30 25 X Y 
146.25 -6.14 119 0.30 5.43 -5.73 -2.13 0.57 -3.44 25 X Y 
-159.70 54.48 37 0.05 -0.52 0.46 1.87 0.70 2.15 27 X Y 
-179.93 -25.61 467 0.04 0.13 -0.17 0.06 -1.87 -0.21 25 X Y 
26.63 37.78 12 -3.47 3.69 -0.22 -1.38 0.17 -0.44 26 X Y 
-79.46 -44.61 18 -0.08 0.59 -0.51 0.00 0.09 -1.21 25 X Y 
-173.43 -15.14 56 -0.20 0.52 -0.31 -3.14 0.55 0.25 25 X Y 
-177.45 -19.71 425 -0.81 -0.10 0.91 -0.44 -0.44 -0.37 25 X Y 
126.56 8.59 55 1.09 0.16 -1.25 0.28 0.18 -0.05 25 X Y 
99.17 -2.83 24 -0.13 0.02 0.11 -0.11 -0.31 -1.09 25 X Y 
-73.12 -34.67 34 0.17 -0.12 -0.05 -1.27 -0.71 1.28 25 X Y 
140.61 48.30 600 -3.04 0.66 2.38 -3.52 -0.71 2.44 25 X Y 
-67.18 -24.33 190 -2.95 -0.44 3.40 0.98 -1.59 0.03 25 X Y 
-168.21 52.65 36 3.41 -2.13 -1.29 1.43 2.59 -2.13 25 X Y 
154.90 -61.97 12 -0.02 1.15 -1.13 -0.41 -0.25 -0.86 25 X Y 
-69.07 -20.40 115 -1.04 -0.30 1.34 0.40 -1.44 -0.02 25 X Y 
121.97 24.75 81 0.69 0.36 -1.06 0.27 -1.36 -1.36 25 X Y 
-179.60 -32.99 114 0.00 -0.47 0.46 -0.80 -0.56 0.03 25 X Y 
-174.63 -17.76 12 -1.14 0.56 0.58 0.03 0.41 0.62 25 X Y 
-68.68 -21.82 120 -0.65 0.34 0.32 -0.02 -1.18 0.79 25 X Y 
125.35 5.23 26 1.45 -0.14 -1.31 0.39 -1.99 0.52 25 X Y 
142.67 40.79 35 2.76 0.13 -2.89 0.95 3.33 -0.58 25 X Y 
133.52 6.20 14 1.44 -0.41 -1.03 -0.16 0.06 -0.81 25 X Y 
120.53 13.89 114 2.35 -0.64 -1.71 1.34 1.56 2.25 25 X Y 
-75.26 -39.58 12 -1.34 -0.02 1.36 0.37 0.14 0.32 26 X Y 
16.21 45.38 12 0.19 -4.63 4.44 -0.00 -0.88 -0.42 25 X Y 
