126.66 3.80 15 0.22 0.17 -0.38 0.49 0.75 0.02 24 X Y 
127.21 6.16 63 2.58 0.69 -3.27 1.35 1.22 -1.31 23 X Y 
128.67 0.53 18 -2.05 2.41 -0.36 2.41 -1.99 -0.47 23 X Y 
122.91 4.14 521 -5.05 1.49 3.56 -2.21 -5.52 2.00 25 X Y 
123.28 4.22 518 0.62 0.83 -1.45 -1.47 -7.01 -0.12 25 X Y 
126.89 2.11 24 2.88 1.58 -4.45 -3.57 -1.10 -1.23 24 X Y 
120.89 21.10 34 1.31 0.22 -1.53 -0.23 -1.37 -0.04 24 X Y 
120.53 14.16 138 4.86 -2.65 -2.22 3.29 -5.90 0.10 23 X Y 
126.66 4.88 63 0.64 0.05 -0.70 0.24 1.35 -0.78 24 X Y 
125.95 9.50 19 -0.43 0.71 -0.28 -0.21 1.10 1.51 24 X Y 
121.17 18.84 56 0.35 0.22 -0.57 -0.58 0.60 0.00 24 X Y 
120.99 19.16 50 0.95 -0.24 -0.71 -0.15 -0.41 -0.49 25 X Y 
120.37 13.98 89 0.78 0.33 -1.11 1.42 0.56 1.72 24 X Y 
127.14 3.11 14 -0.10 1.13 -1.03 1.31 0.80 -2.25 24 X Y 
127.24 3.06 15 3.36 0.33 -3.69 1.15 5.71 -2.69 24 X Y 
127.11 2.87 19 3.18 -0.76 -2.42 1.90 0.12 -2.47 23 X Y 
127.16 3.00 28 3.78 -0.03 -3.74 1.06 1.27 -0.94 23 X Y 
119.89 13.99 21 3.26 0.79 -4.05 -0.22 -6.21 0.15 23 X Y 
126.09 9.93 37 2.33 -1.60 -0.72 0.93 -1.84 -1.79 23 X Y 
125.43 9.89 21 -0.01 2.44 -2.42 -0.97 -1.25 -1.84 23 X Y 
126.40 5.99 154 0.27 0.08 -0.36 -0.65 0.44 -0.92 24 X Y 
120.95 19.06 46 3.06 -0.24 -2.82 -1.54 -0.98 -1.86 23 X Y 
121.92 21.24 185 -0.53 -0.15 0.69 -0.92 -0.25 0.59 24 X Y 
127.12 6.56 36 2.74 3.57 -6.31 -1.75 2.81 0.86 23 X Y 
125.56 9.30 23 0.05 1.00 -1.05 -1.40 -1.07 -3.55 23 X Y 
125.28 1.18 59 0.94 -2.88 1.94 1.38 2.80 4.47 23 X Y 
126.68 5.33 32 3.80 -0.13 -3.67 0.47 1.60 -0.12 24 X Y 
126.28 1.63 18 -0.38 -0.32 0.70 0.05 0.69 0.36 24 X Y 
126.74 1.70 83 3.54 2.46 -6.00 -0.89 -0.01 3.31 23 X Y 
121.91 17.31 13 1.24 -6.04 4.81 1.13 1.72 2.79 23 X Y 
120.68 13.67 128 4.04 -0.59 -3.45 0.23 1.36 0.74 24 X Y 
125.79 5.91 154 5.24 0.48 -5.72 1.07 2.75 -2.73 23 X Y 
124.01 1.54 268 -0.08 0.74 -0.65 -0.49 -5.05 3.24 23 X Y 
126.31 5.94 47 4.17 0.43 -4.60 1.75 0.52 -0.91 23 X Y 
127.56 4.81 75 0.05 2.01 -2.06 -0.61 -0.47 -0.46 24 X Y 
126.35 2.74 82 0.63 2.91 -3.54 0.88 0.14 3.68 25 X Y 
123.40 6.67 598 -0.33 0.03 0.29 -0.22 -1.19 0.24 24 X Y 
125.14 4.76 12 0.62 0.34 -0.96 -0.29 -0.89 -0.56 24 X Y 
125.33 13.64 16 -0.69 0.41 0.28 0.33 -0.07 -0.41 24 X Y 
121.77 1.12 27 -2.23 0.35 1.88 -1.11 -2.24 -2.71 23 X Y 
123.36 0.11 157 1.01 0.17 -1.18 0.76 0.09 -0.56 24 X Y 
122.14 9.48 20 3.00 -2.16 -0.84 -0.32 -0.03 -2.64 23 X Y 
122.11 9.65 17 4.13 0.12 -4.25 -0.29 -5.55 -0.25 25 X Y 
122.10 9.64 24 0.63 0.22 -0.85 -0.47 -0.35 -0.37 24 X Y 
122.11 9.71 18 0.13 0.19 -0.33 -0.49 -1.23 -0.65 24 X Y 
122.16 9.72 19 0.49 -2.92 2.43 0.74 -3.11 -2.17 23 X Y 
119.82 15.11 45 0.88 0.11 -0.99 -0.28 -0.18 -0.08 25 X Y 
126.95 7.56 29 4.82 -3.45 -1.38 -0.94 2.30 -3.46 23 X Y 
126.60 3.04 46 5.91 -0.60 -5.31 1.50 0.52 -2.40 23 X Y 
125.74 4.20 121 -0.98 -0.39 1.37 0.28 -3.46 0.87 23 X Y 
120.86 19.26 39 2.35 -0.42 -1.94 -0.52 -0.92 -1.19 24 X Y 
120.96 13.50 144 -0.50 0.15 0.35 -0.67 -0.61 0.34 24 X Y 
128.63 2.93 233 0.24 3.48 -3.72 -2.61 -4.44 3.55 23 X Y 
126.25 10.01 47 5.73 1.37 -7.11 0.64 1.99 -0.36 23 X Y 
119.26 18.31 14 -3.67 1.69 1.98 0.54 0.60 2.58 23 X Y 
126.87 8.33 16 -0.73 0.92 -0.20 -0.84 0.69 0.27 24 X Y 
123.46 7.46 609 -1.03 -0.16 1.19 -0.03 -0.34 -0.04 24 X Y 
126.21 1.47 49 0.83 0.02 -0.84 -0.06 0.11 -0.06 24 X Y 
119.70 13.84 31 3.68 -0.20 -3.48 0.37 -2.66 0.41 23 X Y 
123.40 0.03 147 0.82 -0.80 -0.02 0.49 0.28 0.11 24 X Y 
121.57 1.40 21 -4.25 0.49 3.76 0.56 0.42 0.02 23 X Y 
126.96 2.20 48 -0.59 -0.99 1.58 -0.55 1.40 3.41 23 X Y 
118.97 15.54 12 -1.05 0.16 0.88 0.51 0.66 0.67 25 X Y 
119.08 15.53 19 -4.31 1.06 3.25 -0.64 -0.01 1.53 23 X Y 
120.46 0.15 92 1.07 0.41 -1.47 -0.76 -1.45 1.20 24 X Y 
127.13 1.68 146 0.49 -0.20 -0.29 0.16 -3.11 1.37 23 X Y 
126.19 11.19 14 3.15 0.50 -3.66 0.35 4.20 0.78 23 X Y 
128.17 3.05 125 1.34 3.85 -5.18 2.94 2.97 2.71 23 X Y 
123.14 0.01 164 1.29 -1.23 -0.05 0.76 0.23 0.39 25 X Y 
120.39 13.15 23 4.03 -1.12 -2.90 2.63 -3.93 -6.24 23 X Y 
126.49 9.41 27 3.49 -0.34 -3.15 -0.09 2.08 0.91 23 X Y 
127.67 1.75 153 3.45 -3.53 0.08 -6.22 -2.31 0.06 23 X Y 
127.46 1.80 130 1.01 0.07 -1.08 -0.75 -0.56 -0.44 24 X Y 
120.87 19.35 35 4.90 -0.63 -4.27 -1.33 -3.46 -2.46 24 X Y 
123.15 0.01 161 3.54 -3.24 -0.30 1.60 0.96 -0.26 23 X Y 
126.00 11.18 31 3.98 0.40 -4.38 -1.21 0.81 -0.17 24 X Y 
125.23 4.87 34 0.12 1.07 -1.18 -0.08 -0.17 -1.07 24 X Y 
126.26 8.56 202 1.16 3.86 -5.02 3.47 1.94 1.79 23 X Y 
124.73 13.55 25 0.96 -0.01 -0.95 -0.48 2.04 0.42 24 X Y 
120.87 19.44 33 1.15 -0.15 -1.00 -0.41 -0.80 -0.51 24 X Y 
124.57 5.89 385 -0.36 -0.35 0.71 -0.21 -1.15 -0.41 24 X Y 
125.78 11.82 30 4.40 0.27 -4.67 -0.20 4.69 1.51 23 X Y 
125.88 11.84 35 5.41 -0.93 -4.48 -0.10 2.65 0.56 23 X Y 
125.91 12.05 18 3.30 -0.08 -3.23 -0.44 4.19 0.60 24 X Y 
125.95 12.08 13 1.02 -0.16 -0.85 -0.37 0.75 0.40 24 X Y 
123.26 10.03 12 1.05 0.07 -1.13 -0.09 -0.06 -0.70 26 X Y 
123.24 9.99 12 1.87 -0.34 -1.53 2.15 0.96 -1.00 24 X Y 
123.13 9.90 12 0.82 -0.93 0.11 -0.43 0.06 -1.16 25 X Y 
123.07 9.91 12 4.59 -4.90 0.31 -2.68 1.29 -6.35 24 X Y 
123.22 9.99 13 0.60 -0.58 -0.02 -0.85 0.76 -0.83 24 X Y 
123.40 10.24 12 0.95 -0.12 -0.83 -0.15 -0.01 -0.36 24 X Y 
126.40 1.61 32 0.85 -0.15 -0.70 -0.12 -0.03 -0.35 24 X Y 
126.04 11.90 28 2.75 -0.25 -2.49 -0.42 1.93 1.12 23 X Y 
123.64 12.45 19 -0.19 2.42 -2.23 -0.68 -0.23 -0.47 24 X Y 
120.50 13.70 12 -1.87 1.99 -0.12 1.72 -2.02 1.58 23 X Y 
120.43 13.69 14 -4.10 4.34 -0.24 1.65 -1.29 2.17 23 X Y 
125.56 9.97 21 -5.72 6.00 -0.28 0.38 0.56 3.88 24 X Y 
125.89 3.43 67 2.41 -0.51 -1.90 0.51 1.20 -0.91 24 X Y 
122.42 20.41 27 1.35 3.19 -4.53 0.44 2.18 2.35 23 X Y 
126.36 1.23 29 0.64 0.04 -0.68 -0.19 -0.20 -0.28 24 X Y 
125.54 0.18 51 3.48 -1.41 -2.07 0.81 2.43 -2.50 24 X Y 
125.90 12.24 17 2.99 0.06 -3.04 -0.75 3.52 1.23 23 X Y 
127.40 8.09 19 -2.84 -0.38 3.22 -1.54 1.11 -0.69 23 X Y 
127.73 6.33 12 -6.74 0.44 6.30 0.11 0.47 -1.34 23 X Y 
126.32 1.42 33 5.35 0.85 -6.20 0.10 -0.61 -2.02 23 X Y 
126.07 2.31 41 -0.10 3.40 -3.31 -2.32 -5.61 -5.32 23 X Y 
126.48 2.71 35 4.83 -1.42 -3.41 -0.94 -2.73 -2.50 23 X Y 
126.41 1.66 40 2.36 2.36 -4.71 -1.92 0.07 -3.54 23 X Y 
125.50 2.91 145 -0.02 -0.31 0.33 -0.19 -3.47 -0.24 23 X Y 
126.90 1.35 76 1.19 0.07 -1.26 1.16 1.33 -0.67 24 X Y 
126.68 5.66 43 2.85 0.10 -2.96 -0.93 1.63 -3.04 24 X Y 
119.48 15.66 28 0.89 -0.35 -0.54 0.18 -0.66 0.21 25 X Y 
123.52 0.09 143 4.21 -3.31 -0.89 3.51 0.98 -1.67 23 X Y 
128.27 2.83 92 -0.68 2.67 -1.99 -0.40 -2.37 3.59 23 X Y 
126.71 5.10 36 2.26 0.14 -2.40 -2.15 6.31 -2.94 23 X Y 
119.56 15.12 28 2.65 0.37 -3.01 -0.07 -2.96 -0.13 23 X Y 
126.24 11.36 15 0.64 0.03 -0.67 -0.04 1.05 0.17 24 X Y 
128.41 2.82 204 1.77 -1.61 -0.16 -4.33 -6.12 -1.60 23 X Y 
126.95 1.44 68 1.37 0.26 -1.63 2.15 3.68 -1.71 23 X Y 
128.73 2.75 13 -4.50 2.95 1.56 3.94 -2.81 -2.74 24 X Y 
126.81 2.16 91 0.33 0.49 -0.83 -0.51 -0.07 0.19 26 X Y 
127.09 3.68 19 0.67 -0.01 -0.66 0.16 0.47 -0.16 24 X Y 
122.93 3.52 557 0.50 0.25 -0.75 -0.31 -0.94 0.25 24 X Y 
126.97 10.85 45 2.97 0.53 -3.50 -0.75 -0.43 -0.15 27 X Y 
126.99 10.45 13 -2.92 0.62 2.30 0.06 -1.37 -0.76 24 X Y 
126.63 10.23 24 1.47 -0.36 -1.11 0.19 0.39 0.06 24 X Y 
126.99 10.54 12 -1.70 0.34 1.37 -0.00 -0.79 -0.44 24 X Y 
126.90 10.55 19 -1.94 0.54 1.39 -0.02 0.36 -0.39 24 X Y 
126.97 10.43 17 -3.86 1.67 2.19 1.01 -1.44 -1.32 23 X Y 
126.90 10.52 18 -4.96 2.28 2.68 2.13 0.07 -1.85 23 X Y 
126.75 11.40 12 -6.27 1.11 5.15 1.46 -0.51 -3.22 23 X Y 
126.63 10.35 16 0.80 -0.05 -0.74 -0.07 0.69 0.07 24 X Y 
126.65 10.31 17 4.17 -0.45 -3.72 -0.21 3.24 0.62 23 X Y 
123.76 6.68 12 4.96 0.21 -5.17 -1.11 -6.16 -0.29 24 X Y 
123.71 6.71 28 5.18 -1.16 -4.01 -0.37 -2.60 0.75 23 X Y 
125.00 7.95 15 -0.71 3.92 -3.21 0.72 1.15 0.08 24 X Y 
126.91 10.45 12 -1.13 0.27 0.87 -0.20 0.27 -0.35 24 X Y 
126.88 10.70 12 -1.07 0.37 0.70 0.02 0.12 -0.43 24 X Y 
126.90 10.71 12 -0.90 0.14 0.76 0.08 -0.19 -0.22 24 X Y 
126.88 10.55 21 -1.11 0.29 0.82 -0.12 -0.00 -0.17 24 X Y 
126.95 10.49 12 -1.39 0.20 1.18 -0.20 -0.52 -0.14 24 X Y 
126.94 10.68 12 -0.86 0.28 0.59 0.09 -0.25 -0.34 24 X Y 
126.74 11.72 12 -1.15 0.09 1.05 0.15 -0.00 -0.56 24 X Y 
127.23 7.07 23 2.94 -0.05 -2.89 0.89 1.30 -0.55 23 X Y 
128.23 2.59 157 4.47 -4.08 -0.38 3.09 -3.63 0.79 23 X Y 
126.79 2.60 34 6.03 -0.86 -5.17 -0.55 -1.29 -2.59 23 X Y 
127.07 10.34 12 -5.07 1.12 3.95 1.55 0.58 -3.78 23 X Y 
125.66 12.72 13 5.32 -0.65 -4.66 -1.69 5.22 2.51 23 X Y 
125.64 12.70 13 0.98 -0.11 -0.87 -0.26 0.98 0.49 24 X Y 
126.93 10.70 13 -3.22 -0.12 3.34 -0.11 -0.92 0.08 23 X Y 
125.92 1.54 78 1.93 2.49 -4.42 1.39 -3.28 -2.79 23 X Y 
126.55 5.97 91 0.55 0.41 -0.96 -0.36 1.13 -0.75 24 X Y 
126.54 5.67 69 1.30 -3.11 1.81 -0.83 2.03 -3.04 23 X Y 
120.64 14.03 152 3.29 -0.29 -3.00 0.56 -1.76 -0.13 23 X Y 
123.06 8.25 25 1.60 3.24 -4.83 2.10 1.83 3.78 23 X Y 
126.99 5.90 143 3.42 -3.38 -0.04 2.42 0.60 1.90 23 X Y 
120.35 13.21 50 3.19 1.83 -5.03 0.96 -0.91 0.85 23 X Y 
126.57 9.84 16 0.47 0.04 -0.51 -0.04 0.75 0.08 24 X Y 
120.70 18.80 51 2.25 -0.47 -1.78 -0.18 -0.88 -1.27 24 X Y 
124.49 4.26 333 -0.94 -0.10 1.04 -0.84 -0.21 -0.16 25 X Y 
126.27 11.19 26 3.82 -0.70 -3.12 0.79 1.09 0.85 23 X Y 
126.89 10.51 12 -1.15 0.22 0.93 0.03 0.24 -0.30 24 X Y 
126.95 10.59 12 -1.63 0.30 1.33 0.28 -0.30 -0.43 24 X Y 
122.01 1.51 32 1.54 -1.62 0.08 -1.66 0.09 0.29 24 X Y 
125.74 4.50 173 0.05 0.07 -0.13 -0.07 2.38 -2.57 23 X Y 
126.48 9.23 46 1.50 0.12 -1.62 0.27 0.35 0.25 25 X Y 
126.88 10.55 12 -1.11 0.18 0.93 -0.09 0.38 -0.28 24 X Y 
124.99 4.59 15 0.33 0.49 -0.81 0.81 -0.14 1.45 24 X Y 
125.01 4.64 15 0.29 0.42 -0.71 0.35 -0.19 0.69 24 X Y 
122.15 1.58 23 2.30 -2.25 -0.05 -2.73 -0.09 0.25 24 X Y 
122.20 1.82 39 2.50 -2.23 -0.27 -1.55 0.03 0.09 24 X Y 
122.09 1.65 28 2.69 -2.47 -0.22 -2.71 -0.08 0.21 24 X Y 
122.23 10.11 37 2.42 0.31 -2.72 -0.48 -3.39 -0.18 24 X Y 
120.77 14.18 203 4.19 -4.41 0.22 -0.25 -2.07 0.42 23 X Y 
122.24 11.13 27 4.15 -0.09 -4.06 -1.92 -1.02 -1.18 23 X Y 
120.94 19.20 39 5.89 -0.45 -5.44 -1.05 -1.10 -2.64 23 X Y 
126.68 11.01 12 -2.06 0.14 1.92 -0.16 -0.13 -0.81 24 X Y 
126.30 6.79 26 0.47 0.14 -0.61 0.50 5.27 -1.18 24 X Y 
126.20 0.65 31 0.89 0.28 -1.17 -0.05 -0.62 -0.72 25 X Y 
126.40 0.40 26 1.45 -0.64 -0.82 0.49 0.34 -0.77 24 X Y 
120.93 19.23 41 0.86 -0.13 -0.73 -0.12 -0.37 -0.42 24 X Y 
126.77 4.33 26 2.66 0.02 -2.68 -1.88 1.95 -1.43 23 X Y 
126.66 4.20 27 4.44 -0.89 -3.55 2.02 -1.02 -2.34 23 X Y 
125.61 1.02 67 0.74 -0.16 -0.59 0.10 0.43 -0.42 24 X Y 
126.37 1.59 53 0.82 0.03 -0.86 -0.36 -0.04 -0.35 24 X Y 
127.43 1.09 158 0.23 1.43 -1.66 -1.43 -2.52 1.10 23 X Y 
125.62 11.31 55 0.74 0.07 -0.81 0.13 0.13 0.04 24 X Y 
126.91 10.67 13 -4.96 1.00 3.96 1.34 -1.84 -0.93 23 X Y 
120.75 14.10 213 2.73 -3.94 1.21 0.35 -1.54 -0.09 23 X Y 
125.95 5.77 107 1.67 0.24 -1.90 -0.81 1.42 0.07 25 X Y 
127.05 5.52 65 5.30 2.49 -7.79 2.14 0.12 0.52 23 X Y 
126.38 10.02 21 1.34 0.12 -1.46 -0.02 1.62 0.13 24 X Y 
126.53 10.06 32 5.49 0.49 -5.98 1.34 3.04 0.21 23 X Y 
121.69 15.93 20 0.49 -0.26 -0.23 0.37 1.15 0.15 24 X Y 
122.06 20.82 12 5.27 0.98 -6.25 0.13 2.08 -4.62 24 X Y 
127.69 4.49 107 0.72 -0.13 -0.59 0.00 -0.56 0.11 24 X Y 
126.29 1.64 30 0.84 0.62 -1.45 0.08 0.15 -0.70 24 X Y 
125.16 1.08 110 3.71 -5.40 1.69 -0.70 1.86 1.57 23 X Y 
124.87 7.37 15 -0.06 1.35 -1.28 -0.38 -0.43 -0.43 24 X Y 
126.80 3.72 25 4.80 -0.25 -4.54 0.49 -0.85 1.39 23 X Y 
119.72 0.26 34 0.73 0.53 -1.26 -0.45 -0.67 -0.10 24 X Y 
123.25 15.10 25 0.32 -0.25 -0.06 -0.43 0.84 0.28 24 X Y 
123.75 4.41 448 -0.37 -0.04 0.41 -0.57 -0.84 -0.12 24 X Y 
120.75 17.81 24 -0.40 0.80 -0.40 -0.22 -0.40 0.01 24 X Y 
124.83 7.34 12 -0.61 3.80 -3.19 0.27 -1.35 1.10 24 X Y 
119.63 17.38 41 4.34 -0.13 -4.22 -0.09 -2.54 -0.63 23 X Y 
124.84 7.37 13 0.04 2.43 -2.47 -0.10 -0.83 0.56 24 X Y 
126.97 10.61 12 -0.73 0.19 0.54 -0.04 -0.34 -0.19 24 X Y 
126.91 10.74 12 -5.32 1.73 3.59 2.12 -2.12 -2.02 23 X Y 
126.96 10.64 12 -0.77 0.26 0.51 -0.18 -0.11 -0.30 24 X Y 
128.46 2.83 214 -0.83 0.49 0.33 -0.79 -4.37 3.18 23 X Y 
127.06 1.10 140 0.00 4.42 -4.42 -3.07 -2.44 0.63 24 X Y 
126.27 1.54 34 3.84 0.02 -3.85 0.56 -0.56 -1.02 23 X Y 
126.30 10.34 34 3.74 0.14 -3.89 -0.28 3.35 0.26 23 X Y 
123.26 0.00 151 1.20 -1.14 -0.06 0.40 0.14 -0.30 24 X Y 
128.48 2.99 212 -0.87 0.79 0.08 -1.54 -5.26 1.87 23 X Y 
124.68 6.49 378 -0.91 -0.85 1.76 -0.28 -1.28 0.29 24 X Y 
125.70 5.39 136 -0.10 0.53 -0.43 0.49 -0.35 0.44 24 X Y 
122.31 20.24 188 -0.76 0.35 0.41 -0.52 0.24 0.72 25 X Y 
122.22 1.59 21 2.13 -2.21 0.08 -2.29 0.26 0.47 24 X Y 
122.24 1.63 21 0.83 -0.91 0.08 -1.14 0.11 0.18 24 X Y 
126.98 2.25 78 3.98 2.09 -6.07 -2.38 -1.33 -0.28 23 X Y 
118.95 14.60 12 -0.68 0.01 0.66 -0.10 0.23 -0.22 24 X Y 
128.41 1.90 70 1.20 -1.26 0.06 -0.04 3.91 2.95 23 X Y 
122.19 0.77 99 0.49 -0.60 0.11 -1.51 1.31 -0.08 24 X Y 
123.96 9.84 12 4.97 -2.91 -2.06 -1.02 -0.30 -3.53 26 X Y 
124.24 9.96 12 0.60 -2.84 2.24 -0.90 0.06 -1.81 24 X Y 
123.79 9.82 12 3.54 -1.73 -1.81 -2.19 -0.32 -2.13 24 X Y 
124.12 9.90 19 0.94 -0.48 -0.46 0.03 -0.04 -0.42 24 X Y 
123.71 9.75 15 2.91 -2.14 -0.76 -0.75 -2.97 -3.32 23 X Y 
123.70 9.68 12 6.77 -1.76 -5.01 -3.11 -0.99 -3.75 23 X Y 
124.26 10.00 15 0.04 -1.92 1.88 -1.35 -1.09 -3.39 23 X Y 
124.37 10.20 46 -2.19 -1.18 3.37 -0.93 0.06 -5.70 23 X Y 
124.13 9.92 12 0.11 -0.27 0.16 -1.40 0.17 -3.09 23 X Y 
123.77 9.76 13 3.12 -3.89 0.77 -4.31 -2.38 -4.57 23 X Y 
123.93 9.81 12 -0.12 -2.27 2.39 -1.83 0.14 -3.41 23 X Y 
124.40 10.15 17 0.43 -0.80 0.37 -0.43 0.64 -0.18 24 X Y 
124.18 10.07 16 2.86 -5.31 2.45 -0.94 -0.22 -1.79 23 X Y 
124.14 10.03 28 -0.13 -5.49 5.62 -0.17 -1.93 -2.43 23 X Y 
123.68 9.75 14 4.21 -2.97 -1.24 -2.07 0.04 -4.36 23 X Y 
124.06 9.90 12 0.57 -0.47 -0.10 -0.47 -0.16 -0.51 24 X Y 
125.59 5.24 42 3.00 0.74 -3.74 0.98 -1.72 0.77 23 X Y 
126.17 4.29 100 -0.77 1.30 -0.53 -0.55 0.31 0.15 24 X Y 
124.12 9.91 12 3.47 -3.36 -0.11 -2.40 -0.85 -3.00 23 X Y 
123.28 4.76 543 -0.31 0.46 -0.14 -0.49 -0.83 0.21 25 X Y 
126.42 2.01 35 3.62 0.96 -4.58 -1.20 -2.11 -1.57 23 X Y 
128.34 2.79 38 0.69 -1.40 0.71 0.19 1.32 -0.50 25 X Y 
128.20 2.68 19 0.23 -1.47 1.24 -1.44 -1.14 -3.08 23 X Y 
126.58 3.85 25 0.22 0.03 -0.25 0.02 1.00 -0.06 24 X Y 
126.16 6.60 43 1.71 0.36 -2.07 1.75 -0.46 -1.84 24 X Y 
122.25 9.80 29 2.76 0.86 -3.62 -1.69 -1.58 -0.58 23 X Y 
128.38 2.80 37 0.08 -0.18 0.10 0.05 1.36 -0.52 24 X Y 
123.94 12.99 114 0.17 0.98 -1.15 -0.41 -0.55 3.14 23 X Y 
127.21 3.57 17 4.94 0.31 -5.25 0.82 2.91 -0.33 23 X Y 
127.31 3.67 20 2.64 -0.10 -2.54 -0.51 2.07 0.22 23 X Y 
125.62 0.38 55 4.39 -1.89 -2.49 0.64 2.21 -3.04 23 X Y 
126.35 1.34 30 3.94 -0.60 -3.34 -0.29 1.20 -2.48 23 X Y 
126.33 1.41 29 4.85 -1.17 -3.68 -1.11 1.01 -2.63 24 X Y 
120.23 19.13 12 -3.77 2.46 1.31 0.54 0.49 1.50 24 X Y 
120.20 19.14 12 -0.83 0.71 0.12 0.16 0.15 0.34 24 X Y 
120.12 19.07 12 -4.36 3.20 1.17 -0.79 1.65 2.06 23 X Y 
120.16 19.16 12 -3.54 1.04 2.51 -0.47 1.64 1.53 23 X Y 
126.25 8.98 12 0.57 0.21 -0.78 -2.67 3.40 -0.30 23 X Y 
125.63 5.85 138 -0.12 0.66 -0.54 0.12 -0.34 0.63 24 X Y 
126.38 1.48 29 3.69 0.36 -4.05 0.04 0.21 -1.03 23 X Y 
124.65 11.20 12 -2.66 4.27 -1.61 0.95 0.49 1.26 23 X Y 
124.57 11.17 18 -2.67 3.62 -0.95 -0.29 0.89 0.72 23 X Y 
121.93 13.58 14 -2.61 2.69 -0.08 2.08 -2.13 3.73 23 X Y 
120.19 20.20 12 -5.79 3.07 2.72 -1.23 1.92 -2.42 23 X Y 
120.87 19.34 35 3.14 -1.21 -1.93 -1.22 -2.22 -2.79 23 X Y 
120.25 18.63 31 1.96 -0.09 -1.87 -0.89 0.13 -1.04 24 X Y 
122.97 1.93 17 -0.76 0.84 -0.08 0.39 -0.17 -0.42 24 X Y 
126.11 0.65 34 1.56 0.18 -1.74 -0.33 -0.37 -0.55 24 X Y 
126.14 0.35 24 1.92 -1.68 -0.24 -3.56 0.95 -2.57 23 X Y 
126.43 0.21 28 3.17 -1.11 -2.06 0.06 2.27 -2.44 23 X Y 
126.88 10.65 17 -0.75 -0.02 0.77 0.21 -0.56 -0.01 24 X Y 
126.77 5.14 39 3.25 -2.93 -0.32 -0.92 -0.43 1.14 23 X Y 
129.87 0.28 15 -1.12 2.91 -1.79 1.38 2.67 0.38 23 X Y 
127.16 3.71 24 0.22 0.01 -0.23 0.01 1.00 -0.15 24 X Y 
127.61 1.86 141 0.93 -1.49 0.56 -0.40 -1.21 0.86 24 X Y 
122.82 4.55 575 -1.29 1.19 0.09 -1.97 -4.74 1.34 24 X Y 
119.92 17.57 23 -0.57 0.50 0.07 0.46 0.01 -2.04 24 X Y 
119.99 19.74 17 -1.43 0.83 0.59 -0.22 0.01 0.68 24 X Y 
126.78 4.39 97 -0.29 1.98 -1.69 -2.48 1.97 -6.28 23 X Y 
125.66 5.74 128 0.23 0.78 -1.01 0.95 0.06 1.54 24 X Y 
123.88 14.80 27 0.58 3.74 -4.32 -1.43 1.81 -0.90 23 X Y 
126.60 5.60 53 5.53 -1.78 -3.74 -2.19 1.28 -6.33 23 X Y 
121.92 9.40 24 2.34 0.60 -2.94 1.06 -0.34 0.73 25 X Y 
126.73 9.36 22 3.34 0.17 -3.51 -0.97 1.87 0.96 24 X Y 
126.72 9.40 20 0.80 0.04 -0.84 -0.03 0.52 0.02 24 X Y 
126.74 9.38 21 1.14 0.04 -1.18 0.06 0.80 0.07 24 X Y 
126.84 9.34 30 4.84 -0.24 -4.60 -0.14 3.54 -0.00 23 X Y 
126.69 9.39 22 -2.93 -0.84 3.76 2.10 -2.88 -1.46 23 X Y 
126.70 9.42 20 0.73 -0.03 -0.71 -0.26 0.53 0.23 24 X Y 
126.78 9.38 28 6.40 -1.32 -5.08 -0.16 2.22 -0.39 23 X Y 
126.59 9.40 33 0.99 -0.28 -0.70 0.04 0.09 0.07 24 X Y 
126.60 9.29 28 4.48 -5.44 0.96 0.83 -5.31 2.36 23 X Y 
126.62 9.37 21 4.40 -0.15 -4.25 -1.14 2.76 0.64 23 X Y 
126.77 9.32 20 1.14 0.32 -1.46 0.34 1.32 -0.08 24 X Y 
126.75 9.50 24 4.15 0.07 -4.22 -0.02 2.33 0.56 23 X Y 
128.56 2.09 45 2.16 -3.37 1.21 2.36 2.01 2.91 23 X Y 
122.05 10.22 25 0.86 0.09 -0.96 -1.19 -1.73 -0.26 24 X Y 
125.79 9.72 20 -2.08 5.59 -3.51 0.40 2.41 2.86 23 X Y 
129.83 0.40 15 0.07 0.64 -0.71 0.38 -0.10 -0.29 24 X Y 
125.58 1.65 98 2.73 -4.22 1.49 -1.43 -0.61 0.93 23 X Y 
128.07 3.34 45 4.61 -0.65 -3.96 0.15 -2.12 2.18 23 X Y 
120.47 13.63 48 0.13 0.48 -0.61 1.04 -0.13 -1.50 24 X Y 
123.57 0.04 138 2.63 2.50 -5.12 5.36 0.41 -5.14 23 X Y 
126.55 5.64 29 2.24 0.40 -2.64 1.10 1.26 -0.09 25 X Y 
125.22 10.41 12 -0.15 1.58 -1.43 0.34 -0.05 -0.35 24 X Y 
126.45 4.49 64 0.61 2.22 -2.83 -0.73 3.99 -2.08 23 X Y 
127.41 5.01 130 4.72 -0.10 -4.62 -0.59 -0.51 0.54 23 X Y 
127.12 5.81 84 1.82 0.13 -1.95 0.48 1.66 -0.50 24 X Y 
126.49 5.54 32 3.94 0.44 -4.37 1.06 1.90 -0.61 23 X Y 
122.46 15.27 19 -0.78 0.77 0.00 0.62 0.08 0.11 24 X Y 
127.83 4.59 33 2.22 -0.34 -1.88 -1.81 2.76 0.60 23 X Y 
126.46 4.85 69 1.78 2.13 -3.91 1.39 -1.66 -0.13 23 X Y 
125.03 6.94 12 0.17 0.75 -0.92 0.14 -0.03 0.09 24 X Y 
120.04 0.23 46 -0.07 -0.60 0.68 -0.75 -0.25 0.61 24 X Y 
124.54 13.96 38 3.16 -0.79 -2.37 -0.83 1.82 1.26 23 X Y 
126.48 4.07 53 -3.52 -0.07 3.60 -0.10 3.80 1.24 23 X Y 
122.11 11.43 24 0.49 1.55 -2.04 -0.89 -0.86 0.18 24 X Y 
126.14 11.01 22 6.15 0.05 -6.20 -0.04 4.47 0.90 23 X Y 
126.43 1.56 31 2.12 0.70 -2.82 1.45 -0.94 -2.02 23 X Y 
126.34 4.58 88 0.52 1.18 -1.70 0.81 0.02 2.91 23 X Y 
125.90 5.70 112 2.66 1.17 -3.83 -1.30 1.91 -0.43 23 X Y 
126.45 1.61 37 5.23 -0.76 -4.47 -0.53 -0.55 -2.02 23 X Y 
126.82 9.83 20 0.30 0.29 -0.59 -0.46 0.71 -1.02 24 X Y 
126.81 9.88 20 0.55 0.34 -0.88 -0.33 0.91 -1.24 24 X Y 
126.72 6.67 66 0.69 0.12 -0.81 0.19 -0.25 -0.31 24 X Y 
126.93 10.07 12 -1.36 0.00 1.36 0.05 0.08 -0.37 24 X Y 
126.37 1.98 38 4.12 -0.83 -3.29 -0.06 -2.05 -2.03 26 X Y 
126.38 1.96 34 1.75 -0.82 -0.93 -0.83 -0.19 -0.84 24 X Y 
126.26 1.95 34 1.53 0.55 -2.08 0.71 -0.50 0.33 24 X Y 
120.31 19.52 12 -4.51 1.31 3.20 0.53 0.31 1.44 23 X Y 
120.32 19.57 12 -1.33 0.40 0.93 0.22 0.25 0.63 24 X Y 
120.32 19.54 12 -7.13 2.07 5.05 -1.32 0.68 3.52 23 X Y 
120.37 19.56 12 -3.34 1.26 2.08 0.14 -0.99 1.60 23 X Y 
126.37 1.79 31 4.93 -3.44 -1.49 3.10 0.28 -1.87 24 X Y 
126.62 2.10 31 5.26 -0.89 -4.38 0.46 0.22 -0.78 23 X Y 
120.30 19.60 12 -1.00 0.43 0.57 0.69 0.61 0.50 24 X Y 
126.29 1.71 33 1.19 -2.81 1.62 1.29 1.84 -0.62 23 X Y 
120.00 20.63 15 -5.67 1.05 4.61 1.14 1.59 -2.62 24 X Y 
127.08 2.60 30 0.71 -0.04 -0.67 -0.29 0.05 0.29 26 X Y 
127.04 2.52 14 2.08 4.71 -6.79 2.42 3.33 1.13 23 X Y 
126.44 2.11 35 1.58 -0.39 -1.18 -0.20 -0.74 -0.83 26 X Y 
126.60 2.20 32 4.21 -0.40 -3.81 0.20 -1.45 -1.50 23 X Y 
121.55 2.40 43 0.80 -2.72 1.93 0.06 1.44 2.05 23 X Y 
126.55 2.02 32 1.36 -1.04 -0.32 0.58 2.40 -2.02 23 X Y 
121.16 19.92 35 0.80 -0.04 -0.76 0.27 -0.46 0.30 24 X Y 
126.99 2.51 27 4.94 0.73 -5.68 -0.21 -1.79 0.40 24 X Y 
126.72 5.44 44 2.83 -4.62 1.79 1.26 3.20 -2.13 23 X Y 
123.17 6.31 632 0.48 0.74 -1.22 -1.97 -8.60 2.90 25 X Y 
126.47 2.14 35 0.88 -0.15 -0.73 -0.16 -0.35 -0.48 24 X Y 
126.20 2.04 31 1.14 -0.69 -0.45 -0.26 -0.09 -0.67 24 X Y 
126.22 1.67 28 3.60 0.55 -4.14 0.77 -1.61 -2.82 24 X Y 
120.83 19.32 49 4.60 -0.97 -3.63 -3.10 -4.84 -4.68 23 X Y 
126.10 11.55 17 2.00 0.01 -2.02 -0.16 1.94 0.34 24 X Y 
126.10 11.56 18 0.66 0.01 -0.67 0.04 0.67 0.06 24 X Y 
126.51 2.29 33 4.33 -0.43 -3.90 -0.77 -1.61 -1.73 25 X Y 
126.40 2.24 34 1.90 0.05 -1.95 -0.33 -0.81 -0.34 24 X Y 
126.42 2.48 32 1.20 -0.44 -0.76 -0.20 -0.89 -0.36 24 X Y 
121.45 8.68 15 -0.43 0.51 -0.08 -0.51 -0.41 -1.86 25 X Y 
126.36 9.94 18 1.28 0.10 -1.38 -1.68 3.74 0.67 23 X Y 
126.37 9.89 18 1.87 0.25 -2.12 -2.66 4.55 0.57 23 X Y 
120.55 13.87 125 1.39 0.21 -1.60 0.70 -1.16 -0.05 24 X Y 
120.02 14.85 67 -2.65 2.39 0.26 -3.86 2.01 5.85 24 X Y 
119.88 0.19 28 -2.16 -0.25 2.41 -4.06 -3.08 1.06 23 X Y 
120.66 14.03 136 0.67 -0.49 -0.18 0.74 -0.27 0.32 24 X Y 
120.67 14.02 129 4.09 -2.55 -1.54 5.66 -1.22 3.32 23 X Y 
119.83 4.81 18 2.65 0.70 -3.35 -1.30 1.26 0.36 24 X Y 
127.06 5.83 87 4.65 0.20 -4.85 0.48 2.88 -1.96 23 X Y 
125.25 5.85 67 0.52 0.67 -1.18 0.43 0.24 1.83 24 X Y 
121.18 19.53 28 -0.74 0.91 -0.17 0.28 0.41 -0.09 24 X Y 
126.27 1.37 23 -0.09 -0.50 0.60 -0.60 -0.54 -0.28 24 X Y 
122.22 9.79 32 1.86 0.24 -2.09 -0.84 -1.26 -0.35 24 X Y 
126.31 1.80 32 4.33 -1.45 -2.88 -1.79 0.31 -2.52 23 X Y 
124.65 14.11 23 1.71 -0.24 -1.47 -0.66 1.74 0.64 24 X Y 
126.52 9.61 29 1.15 0.22 -1.36 0.01 1.02 0.14 24 X Y 
126.49 9.57 31 4.97 0.17 -5.14 0.17 2.80 0.35 23 X Y 
126.33 11.31 12 1.40 -0.06 -1.34 -0.21 0.93 0.25 24 X Y 
120.54 14.06 130 3.89 -3.86 -0.03 1.89 -4.60 2.24 23 X Y 
126.12 0.64 33 2.56 -0.81 -1.74 -0.69 -0.03 -0.58 24 X Y 
128.47 2.85 220 -0.14 0.16 -0.03 -0.95 -0.32 0.12 24 X Y 
119.87 6.15 18 -0.11 1.97 -1.86 0.30 -2.03 -2.81 24 X Y 
126.33 1.82 32 0.56 -0.21 -0.36 -0.47 0.38 -0.66 24 X Y 
124.63 0.13 86 1.99 -0.31 -1.69 -1.11 1.37 1.16 24 X Y 
125.82 4.84 106 0.35 0.31 -0.66 0.41 0.21 0.60 24 X Y 
126.74 10.03 76 -3.91 5.38 -1.47 -0.47 1.75 1.31 23 X Y 
128.41 2.21 220 0.84 0.12 -0.96 -2.28 -0.51 2.52 23 X Y 
126.48 1.78 42 3.01 0.25 -3.26 -0.84 0.18 -0.51 25 X Y 
126.50 2.00 45 0.78 -0.25 -0.53 0.24 0.25 -0.50 24 X Y 
127.45 3.60 27 -4.47 3.74 0.73 -6.50 -0.59 -2.90 23 X Y 
124.91 0.84 54 2.94 -2.49 -0.45 -2.14 1.17 1.70 23 X Y 
126.61 2.20 36 0.77 0.19 -0.96 -0.19 -0.33 -0.52 24 X Y 
126.38 1.53 51 0.79 -0.13 -0.66 -0.05 0.45 -0.42 24 X Y 
122.00 0.43 131 0.71 -0.64 -0.07 -0.61 0.02 -0.26 25 X Y 
126.56 1.79 36 4.22 -0.38 -3.85 -0.01 0.66 -1.27 24 X Y 
124.15 0.88 214 -1.55 2.37 -0.82 2.66 -0.78 3.16 23 X Y 
126.52 2.21 37 2.85 -0.19 -2.66 -0.37 -0.94 -1.64 24 X Y 
124.93 4.85 294 -4.22 -1.72 5.95 -3.57 4.91 1.00 23 X Y 
127.97 3.18 141 0.92 1.28 -2.20 1.17 0.03 0.96 24 X Y 
126.35 1.72 82 2.79 2.15 -4.94 -0.43 1.01 -2.26 23 X Y 
127.32 1.62 157 5.16 0.40 -5.57 -1.44 -1.46 1.28 23 X Y 
124.24 13.13 17 -1.82 4.40 -2.58 0.99 2.82 4.61 23 X Y 
126.26 2.02 34 1.74 -1.27 -0.48 -1.45 0.04 -1.61 24 X Y 
124.44 11.61 16 -0.19 3.59 -3.40 -0.69 -0.73 -1.42 23 X Y 
116.65 6.17 12 -0.64 -0.08 0.72 0.77 0.59 0.27 25 X Y 
119.52 15.20 29 2.22 0.98 -3.20 -1.14 -2.38 -0.40 23 X Y 
127.10 8.01 30 3.72 0.17 -3.90 0.55 1.66 -0.21 23 X Y 
116.61 6.19 14 -3.19 -0.87 4.06 1.09 6.17 1.71 23 X Y 
120.53 13.89 135 5.04 0.70 -5.74 2.63 -5.57 0.80 23 X Y 
125.95 4.10 137 0.79 3.00 -3.79 -2.57 3.13 -1.35 24 X Y 
128.51 2.90 222 1.61 2.46 -4.06 -2.19 -4.78 3.22 23 X Y 
126.25 10.08 44 1.60 0.22 -1.82 0.33 0.65 0.09 25 X Y 
120.62 18.05 28 0.14 0.14 -0.28 -0.16 -0.97 -0.77 24 X Y 
128.03 3.04 127 0.36 1.88 -2.24 0.88 0.64 1.36 24 X Y 
126.94 9.16 17 0.73 -0.01 -0.72 -0.20 0.83 0.20 24 X Y 
120.92 18.92 28 -0.75 0.93 -0.18 0.15 0.14 -0.59 24 X Y 
123.94 8.34 620 -4.37 -1.02 5.39 -5.59 2.10 -0.53 23 X Y 
120.33 19.02 18 4.49 -1.20 -3.29 -1.72 -3.84 -2.00 23 X Y 
126.50 0.63 72 4.49 -1.36 -3.13 -2.52 -3.63 -2.45 24 X Y 
124.53 4.40 310 -2.37 -1.43 3.81 -2.98 -2.62 0.51 24 X Y 
126.56 2.20 44 2.22 -0.35 -1.87 -0.15 -0.66 -0.86 24 X Y 
126.04 10.16 55 2.92 0.28 -3.20 0.48 -1.42 -0.42 23 X Y 
123.58 0.12 146 1.61 -0.03 -1.58 0.50 -0.26 -1.00 24 X Y 
126.47 2.01 33 3.60 -0.71 -2.90 0.03 -0.90 -1.75 25 X Y 
123.68 5.24 523 0.54 -1.52 0.98 -0.72 -1.43 -0.61 24 X Y 
125.02 1.23 135 0.78 -2.52 1.75 -5.85 1.60 -2.03 23 X Y 
123.97 0.06 105 2.96 0.34 -3.30 0.67 1.00 -1.46 23 X Y 
120.48 13.92 123 4.08 -2.30 -1.79 3.09 -4.47 3.65 24 X Y 
119.78 16.62 63 0.55 -1.22 0.67 -0.88 -1.11 -0.22 24 X Y 
126.59 1.79 46 4.48 0.54 -5.02 1.50 -0.31 -3.57 23 X Y 
127.27 1.56 120 0.39 1.13 -1.52 -1.10 -3.01 0.55 23 X Y 
126.55 1.61 35 3.36 -0.18 -3.18 1.52 -0.25 -2.16 23 X Y 
127.48 1.11 12 -3.63 -0.37 4.00 0.27 -0.36 -0.21 23 X Y 
126.38 1.51 36 3.55 0.64 -4.19 -0.74 0.83 -1.91 24 X Y 
127.13 3.84 102 -1.91 1.76 0.15 0.19 0.26 -0.61 24 X Y 
127.11 3.98 14 4.12 -0.26 -3.87 0.41 2.37 -0.85 23 X Y 
127.45 1.09 12 -4.51 -0.43 4.94 0.71 -0.56 0.06 23 X Y 
127.53 3.56 20 -0.24 0.54 -0.29 -1.15 -0.53 -0.55 24 X Y 
127.53 3.60 20 -0.96 1.70 -0.74 -2.40 -0.82 -1.80 23 X Y 
120.56 17.72 80 -0.09 0.23 -0.13 -0.10 1.20 -0.33 24 X Y 
124.38 12.93 112 0.35 0.47 -0.82 -0.74 0.14 0.71 24 X Y 
117.56 3.66 12 0.15 0.11 -0.26 0.08 0.27 1.45 25 X Y 
126.22 9.95 43 3.91 0.80 -4.71 0.91 1.19 -0.29 23 X Y 
120.86 19.23 31 -2.89 -0.32 3.21 0.20 3.65 1.73 23 X Y 
126.46 10.15 31 2.59 0.60 -3.20 1.54 0.24 -0.45 23 X Y 
127.05 3.84 12 5.06 0.90 -5.96 1.49 3.78 -0.51 25 X Y 
125.85 12.36 21 4.15 0.08 -4.23 -0.11 4.10 1.55 23 X Y 
126.54 9.62 32 2.24 0.13 -2.36 0.17 1.20 0.09 24 X Y 
128.25 3.47 24 -0.20 -0.06 0.26 0.26 0.75 -1.13 24 X Y 
120.87 19.48 34 3.55 0.28 -3.82 -2.00 -2.67 -2.54 23 X Y 
126.19 1.06 32 2.76 1.57 -4.32 0.43 -0.10 -1.50 23 X Y 
126.11 1.61 22 -3.22 -0.78 4.00 0.66 3.21 2.10 23 X Y 
125.25 10.56 221 -0.65 2.58 -1.93 -0.45 -2.61 1.70 23 X Y 
127.12 7.05 34 3.48 -0.27 -3.21 0.53 1.05 0.02 23 X Y 
128.98 0.84 16 -0.13 1.62 -1.48 0.42 0.29 0.61 25 X Y 
127.46 1.13 12 -2.46 -3.15 5.61 -1.36 -0.48 1.19 23 X Y 
125.32 5.27 181 -1.20 0.49 0.71 0.78 -2.17 -0.67 24 X Y 
126.19 3.96 113 -2.05 3.51 -1.46 -0.66 2.36 -2.00 23 X Y 
128.32 2.54 136 3.20 2.17 -5.36 3.27 4.73 1.68 23 X Y 
120.01 18.31 38 1.32 -0.63 -0.69 -0.80 -0.28 -0.93 24 X Y 
126.40 1.19 35 5.54 -1.46 -4.08 1.22 0.50 -2.71 23 X Y 
125.01 4.67 15 -0.34 -2.29 2.63 -2.27 0.03 -6.22 23 X Y 
125.04 4.68 15 0.16 -1.18 1.02 -0.83 0.01 -2.44 24 X Y 
126.21 2.41 62 -1.39 0.29 1.10 -0.82 -0.38 0.62 24 X Y 
126.63 4.21 30 0.64 0.21 -0.86 0.00 0.60 0.04 25 X Y 
121.91 20.00 15 0.18 2.60 -2.78 1.34 -1.49 -3.00 23 X Y 
126.76 4.19 32 3.00 -0.07 -2.93 0.70 1.74 -0.90 23 X Y 
121.94 7.84 24 0.74 0.16 -0.90 0.24 -0.74 -0.03 25 X Y 
126.98 2.06 109 0.83 2.22 -3.04 -1.25 -0.47 0.02 24 X Y 
126.67 8.00 107 2.02 0.43 -2.45 -0.15 2.49 1.63 23 X Y 
121.03 21.16 17 3.44 1.29 -4.74 0.40 -4.52 -1.29 23 X Y 
126.47 1.66 33 3.77 -1.86 -1.91 -0.87 -0.37 -1.57 23 X Y 
127.55 4.98 118 3.97 0.64 -4.61 -1.27 -2.33 0.07 23 X Y 
122.04 14.99 27 0.90 2.33 -3.23 1.13 1.72 1.90 23 X Y 
126.26 0.33 22 2.02 -0.71 -1.32 -0.46 -0.18 -1.25 24 X Y 
126.35 1.41 31 4.02 -0.33 -3.69 -1.08 -0.02 -1.75 25 X Y 
120.95 16.47 12 0.70 -0.31 -0.40 0.08 -0.33 -0.59 24 X Y 
126.04 1.12 29 0.48 4.69 -5.17 -3.50 5.08 1.33 23 X Y 
121.12 20.22 35 2.08 0.36 -2.45 -0.90 -1.35 -0.73 24 X Y 
127.15 0.54 99 1.74 -3.58 1.84 0.88 -1.49 0.32 23 X Y 
126.15 6.53 38 0.71 0.02 -0.73 0.62 -0.04 -0.55 24 X Y 
125.78 8.55 39 -0.63 0.31 0.31 0.40 -0.88 0.98 24 X Y 
120.86 19.37 39 0.65 -0.07 -0.59 -0.12 -0.31 -0.36 24 X Y 
125.55 9.77 18 -0.02 0.49 -0.47 -0.27 -0.38 -0.83 24 X Y 
123.50 0.06 154 1.05 0.30 -1.35 0.56 0.47 0.26 24 X Y 
125.27 6.12 94 -0.64 1.22 -0.58 0.02 0.38 -0.05 24 X Y 
125.74 5.59 137 0.09 0.29 -0.37 0.99 -0.24 0.62 24 X Y 
125.14 5.80 83 1.35 0.74 -2.09 0.97 0.04 3.11 23 X Y 
124.40 11.62 12 5.15 0.87 -6.03 -0.12 -0.59 1.07 23 X Y 
126.07 5.78 94 -1.81 0.22 1.59 0.42 -2.54 -1.58 23 X Y 
122.14 10.88 28 -0.75 0.47 0.28 -0.82 -0.81 0.42 24 X Y 
126.20 10.15 41 3.07 0.05 -3.12 0.62 1.53 0.26 23 X Y 
123.67 6.42 22 3.26 -0.38 -2.88 0.55 -3.19 0.90 23 X Y 
123.85 6.35 15 0.58 -0.02 -0.56 0.19 -1.09 0.20 24 X Y 
125.85 8.38 19 -3.66 2.95 0.71 -1.47 3.69 -2.22 24 X Y 
127.06 3.71 19 3.62 0.07 -3.69 0.10 2.02 -0.79 23 X Y 
126.90 5.57 71 4.66 -0.39 -4.27 -3.42 1.57 0.52 23 X Y 
125.66 5.71 200 0.50 -0.04 -0.46 -0.74 1.97 -0.11 24 X Y 
126.49 6.55 63 0.98 2.54 -3.52 -1.58 0.06 -0.70 25 X Y 
119.48 16.66 41 0.94 -0.02 -0.91 -0.11 -0.42 -0.34 24 X Y 
127.48 1.82 141 2.31 1.41 -3.71 -1.93 -4.51 3.43 24 X Y 
120.79 13.64 129 0.79 -0.07 -0.72 0.40 -0.28 0.23 24 X Y 
126.27 4.38 88 0.99 2.81 -3.80 -0.91 0.09 4.31 23 X Y 
125.42 9.00 34 4.46 -5.32 0.86 3.73 0.09 -2.04 23 X Y 
125.88 1.40 68 5.10 -0.93 -4.17 0.58 2.71 -2.37 24 X Y 
125.25 10.36 19 -0.43 5.43 -4.99 -0.45 1.42 -0.54 23 X Y 
125.38 0.04 32 3.74 0.49 -4.23 2.00 -1.42 -0.40 23 X Y 
127.86 4.52 162 2.17 -0.19 -1.99 1.58 -4.26 -0.27 24 X Y 
126.24 10.24 25 3.67 1.27 -4.93 0.80 7.48 0.30 23 X Y 
125.89 10.17 72 0.10 0.14 -0.24 0.65 -1.56 -0.11 24 X Y 
119.47 16.25 14 5.29 0.80 -6.09 -1.12 -5.36 0.15 23 X Y 
119.41 16.27 12 0.45 0.12 -0.57 -0.35 -0.71 -0.04 24 X Y 
125.69 11.58 25 0.70 0.22 -0.92 -0.29 2.07 0.18 24 X Y 
126.43 9.96 24 3.20 1.49 -4.69 0.21 4.57 0.70 23 X Y 
126.39 10.01 21 3.59 0.39 -3.98 -0.12 4.96 -0.05 23 X Y 
120.86 19.24 41 1.77 -0.22 -1.55 -0.48 -0.61 -0.87 24 X Y 
126.52 2.07 24 1.75 -1.48 -0.27 -1.09 4.21 1.26 23 X Y 
128.56 3.71 27 1.75 -0.25 -1.51 -0.28 0.20 -0.02 24 X Y 
128.60 3.63 19 1.56 -0.20 -1.36 0.26 0.65 -0.12 24 X Y 
122.78 4.57 622 -0.07 0.14 -0.07 0.07 -0.97 0.27 27 X Y 
124.15 13.44 17 -0.24 0.54 -0.30 0.06 0.91 0.24 24 X Y 
126.30 1.42 25 0.80 0.73 -1.53 1.03 -1.16 -0.04 24 X Y 
128.23 2.99 33 -0.04 1.79 -1.75 -0.56 0.87 -2.15 24 X Y 
126.28 9.87 46 4.75 -0.18 -4.57 0.77 1.19 0.25 23 X Y 
125.49 9.85 12 0.05 3.95 -4.00 -1.24 -2.14 -4.26 25 X Y 
125.57 9.85 24 0.59 4.63 -5.22 -0.24 -0.17 -1.68 23 X Y 
127.37 4.98 42 3.45 -0.20 -3.25 1.16 0.46 1.62 23 X Y 
126.99 10.55 13 -2.97 0.01 2.96 0.11 -1.67 -0.02 23 X Y 
125.48 9.84 20 -0.14 3.31 -3.17 -1.75 -1.87 -2.48 24 X Y 
128.65 2.62 42 0.47 -0.63 0.16 -0.51 0.44 0.33 24 X Y 
121.14 0.70 88 -0.51 -1.10 1.61 -0.94 -0.15 0.21 24 X Y 
126.01 2.84 118 -2.14 -0.91 3.05 -0.31 8.02 -3.62 23 X Y 
120.59 0.37 102 2.18 -0.89 -1.29 -0.62 -1.18 0.92 24 X Y 
121.00 13.82 17 -2.67 -4.25 6.93 4.27 -1.60 1.97 23 X Y 
121.06 13.83 21 -2.09 -0.88 2.97 1.95 -1.47 0.67 23 X Y 
121.08 14.05 18 -3.61 -0.58 4.19 4.87 -2.23 0.10 23 X Y 
120.99 13.80 19 -1.09 -4.17 5.26 1.01 0.31 0.93 23 X Y 
120.96 13.75 16 -0.19 -0.92 1.10 0.01 0.15 -0.05 25 X Y 
120.95 13.75 12 -2.61 -1.22 3.82 1.99 0.10 1.01 23 X Y 
125.56 13.05 12 3.08 -0.25 -2.82 -1.39 3.46 0.54 24 X Y 
127.40 5.62 30 0.68 0.12 -0.80 0.21 0.42 -0.06 25 X Y 
127.39 5.64 32 5.67 1.26 -6.93 1.46 2.95 -0.84 23 X Y 
127.63 5.55 27 2.69 0.18 -2.87 -1.31 2.67 -0.59 23 X Y 
127.57 5.48 32 4.94 1.44 -6.38 -0.03 2.56 -1.13 23 X Y 
127.58 5.54 28 1.02 0.17 -1.19 0.11 0.71 -0.01 24 X Y 
127.58 5.57 24 3.73 0.38 -4.11 0.60 2.13 0.05 24 X Y 
127.73 5.65 28 4.40 0.37 -4.77 -0.78 3.16 0.19 23 X Y 
127.49 5.56 29 0.77 0.12 -0.89 0.08 0.54 -0.01 24 X Y 
124.70 7.74 12 -0.94 7.35 -6.41 -0.05 -0.03 0.13 24 X Y 
124.75 7.73 12 -0.56 2.69 -2.13 0.03 0.54 -0.46 24 X Y 
127.49 5.53 28 2.13 0.52 -2.64 0.73 1.47 0.08 24 X Y 
124.69 7.76 17 -0.23 0.81 -0.58 -0.02 0.21 -0.03 24 X Y 
126.58 9.17 44 1.14 0.27 -1.41 0.35 0.36 -0.04 24 X Y 
128.20 1.61 95 2.82 -3.19 0.37 0.27 0.95 1.32 23 X Y 
124.89 5.49 31 2.25 -0.77 -1.49 -0.23 -0.39 1.30 26 X Y 
121.71 21.33 110 2.26 -4.89 2.64 5.17 -1.33 -5.00 23 X Y 
124.02 9.33 545 -0.21 -0.47 0.68 -0.88 0.39 -0.36 25 X Y 
120.23 15.09 91 -0.49 1.57 -1.08 -0.08 -0.50 0.31 24 X Y 
125.25 5.66 34 4.34 -0.23 -4.12 -0.60 -0.58 -0.75 23 X Y 
126.81 3.78 30 0.94 0.05 -0.99 -0.03 0.22 -0.20 24 X Y 
122.50 19.87 189 -2.79 3.50 -0.71 -3.73 1.95 5.11 23 X Y 
126.19 10.31 25 3.26 0.45 -3.71 -0.41 6.66 1.47 23 X Y 
128.27 2.26 178 5.09 -4.38 -0.71 1.87 2.40 -2.19 23 X Y 
124.68 11.15 12 -0.95 6.47 -5.52 -0.99 -0.57 -2.36 25 X Y 
124.76 11.08 14 -0.20 5.90 -5.70 -1.06 -0.15 -2.50 24 X Y 
121.95 0.44 126 0.79 -0.51 -0.28 -0.63 -0.06 -0.41 25 X Y 
120.20 0.29 53 0.32 0.19 -0.50 -0.64 -0.81 1.16 24 X Y 
125.29 6.19 82 -0.11 0.80 -0.68 0.24 0.29 -0.02 25 X Y 
125.05 7.88 20 1.32 2.88 -4.21 -2.50 -1.94 -6.31 23 X Y 
123.97 9.45 518 -0.50 -1.04 1.54 -0.67 -0.84 0.61 24 X Y 
120.65 14.03 180 3.46 -2.34 -1.12 0.83 -1.04 0.30 25 X Y 
124.73 11.03 19 3.20 0.29 -3.49 -1.52 -0.29 -0.77 23 X Y 
120.80 19.38 42 1.51 -0.08 -1.43 -0.61 -0.74 -0.84 24 X Y 
120.55 13.50 161 1.14 -0.20 -0.94 -0.13 -0.50 0.64 24 X Y 
124.77 7.71 12 -0.49 4.59 -4.10 -0.11 0.50 -0.61 24 X Y 
124.74 7.67 18 -0.65 6.48 -5.83 -0.35 -1.92 -0.31 23 X Y 
124.78 7.71 13 1.37 4.44 -5.81 0.37 -1.52 0.32 23 X Y 
124.31 0.90 209 -0.06 -2.26 2.32 3.26 0.32 -2.55 23 X Y 
128.68 1.95 42 -3.59 -1.73 5.32 0.99 5.77 -1.95 23 X Y 
128.49 4.11 19 -2.86 0.93 1.93 0.93 -0.34 -1.70 24 X Y 
127.85 4.18 54 1.19 0.25 -1.44 0.59 -0.28 -0.10 24 X Y 
120.64 14.03 208 1.98 -1.73 -0.25 0.44 -0.36 -0.46 24 X Y 
127.09 1.85 117 -0.11 0.69 -0.58 -0.62 -0.54 -0.21 24 X Y 
128.10 2.59 14 -0.87 -4.13 4.99 -3.45 -0.67 -2.97 24 X Y 
128.08 2.54 15 -0.12 -1.18 1.29 -1.10 -0.49 -0.85 24 X Y 
127.82 2.45 25 -0.27 -1.59 1.86 -3.24 0.45 -1.89 23 X Y 
124.46 0.47 106 0.38 -0.95 0.56 -0.09 0.22 0.26 24 X Y 
126.90 7.27 42 0.77 0.09 -0.86 0.12 0.33 -0.22 24 X Y 
121.40 21.84 21 3.51 -0.57 -2.94 -1.07 -0.88 -0.99 23 X Y 
126.78 2.47 42 0.94 -0.19 -0.75 -0.17 -0.57 -0.66 24 X Y 
125.83 11.18 34 0.42 3.72 -4.14 1.38 1.03 -0.65 23 X Y 
126.82 4.03 30 4.81 1.28 -6.09 0.55 4.87 -0.02 23 X Y 
126.83 4.10 33 -0.63 5.01 -4.38 -0.37 2.52 0.57 24 X Y 
126.41 10.08 40 3.74 -0.14 -3.60 -0.56 2.84 0.20 23 X Y 
124.89 5.47 25 3.00 -1.49 -1.51 3.91 0.38 4.14 23 X Y 
120.33 13.26 29 1.10 -0.30 -0.81 0.55 -0.56 0.48 24 X Y 
123.69 0.38 240 0.41 -0.66 0.25 0.68 0.81 -0.33 24 X Y 
126.64 8.80 37 4.47 0.54 -5.01 -0.58 4.43 1.14 23 X Y 
124.48 1.50 218 -0.48 3.65 -3.18 -0.76 -3.32 0.85 23 X Y 
120.34 19.69 13 -0.79 0.63 0.17 0.23 0.28 0.27 24 X Y 
125.61 11.38 53 3.40 0.55 -3.95 0.49 1.17 0.64 23 X Y 
116.65 6.15 12 -0.57 0.06 0.51 0.52 0.45 0.20 24 X Y 
124.63 8.13 17 -0.05 3.63 -3.58 0.11 -1.00 -1.25 23 X Y 
121.49 0.53 117 0.30 -0.09 -0.21 -1.17 -0.36 0.08 24 X Y 
127.81 1.66 14 -1.86 -4.35 6.21 -0.66 -1.06 -3.41 23 X Y 
126.10 0.40 31 2.96 -1.20 -1.76 -2.15 1.52 -1.80 23 X Y 
126.24 10.22 39 4.35 0.89 -5.25 0.92 3.00 0.70 23 X Y 
127.86 3.28 79 0.57 0.87 -1.44 0.63 -1.40 -1.48 24 X Y 
126.88 6.69 45 1.33 0.20 -1.53 0.45 0.11 -0.35 25 X Y 
127.36 3.47 15 2.73 -0.22 -2.51 -3.63 4.53 -0.16 23 X Y 
126.85 1.51 40 0.22 0.96 -1.18 0.20 0.22 -0.80 25 X Y 
125.83 0.56 53 5.81 -1.69 -4.12 0.79 3.29 -3.09 23 X Y 
126.72 2.34 42 4.62 -1.45 -3.17 -0.68 -1.38 -1.58 23 X Y 
126.59 1.91 36 1.08 -0.24 -0.84 0.11 -0.12 -0.55 24 X Y 
124.02 14.55 24 1.60 -0.24 -1.37 -0.67 2.03 0.56 25 X Y 
126.15 1.03 41 0.58 -0.36 -0.22 0.45 0.56 1.23 24 X Y 
125.52 10.15 31 -1.93 2.09 -0.17 1.92 -0.09 3.28 24 X Y 
123.70 6.95 543 -3.47 -1.13 4.60 2.05 -5.95 3.52 24 X Y 
125.85 6.11 124 5.84 0.06 -5.89 -1.99 1.50 0.67 23 X Y 
127.09 1.17 39 -2.01 2.24 -0.23 -0.55 2.93 -2.43 23 X Y 
125.44 5.43 174 -0.68 0.49 0.19 0.21 -0.48 -0.32 24 X Y 
123.88 6.59 29 2.73 0.29 -3.02 -0.64 -1.87 0.77 23 X Y 
120.00 1.37 30 3.95 -3.68 -0.28 -5.96 -2.13 -1.75 23 X Y 
120.18 1.51 35 6.16 -4.06 -2.10 -1.99 0.25 -0.97 23 X Y 
123.58 7.26 571 -0.49 -0.41 0.90 -0.76 -0.11 0.26 24 X Y 
126.76 4.59 28 3.61 1.21 -4.81 -2.65 1.74 -3.25 24 X Y 
126.82 4.59 38 0.76 1.15 -1.91 -2.20 2.10 -3.86 23 X Y 
126.32 6.55 145 1.16 -3.54 2.39 0.39 -2.21 -2.75 23 X Y 
125.81 6.09 123 0.84 0.06 -0.90 -0.31 0.20 0.06 24 X Y 
119.56 15.06 22 1.26 0.25 -1.51 -0.52 -1.10 -0.15 24 X Y 
121.15 20.18 33 3.19 0.64 -3.83 -1.90 -1.09 -1.46 23 X Y 
125.99 0.69 34 0.93 0.98 -1.91 0.05 -0.41 0.30 24 X Y 
128.46 2.65 223 1.45 2.21 -3.66 -2.87 0.63 3.45 23 X Y 
120.45 14.03 142 0.66 0.21 -0.87 0.24 -0.46 0.11 24 X Y 
125.17 5.89 104 -2.78 3.12 -0.35 2.31 -1.49 -1.01 24 X Y 
122.09 0.27 200 0.75 -0.73 -0.02 -0.25 -0.15 0.06 24 X Y 
125.48 9.82 19 3.52 -2.88 -0.64 -3.71 1.12 -3.72 23 X Y 
121.67 20.76 72 0.73 0.12 -0.85 0.79 3.42 -2.04 23 X Y 
125.01 4.72 18 -0.12 0.88 -0.75 0.25 -0.11 -0.17 24 X Y 
120.91 19.27 41 3.90 -0.00 -3.90 -1.38 -1.04 -2.53 23 X Y 
127.18 3.19 28 3.55 -0.36 -3.19 0.84 0.82 -0.90 23 X Y 
125.98 5.79 150 -0.48 3.79 -3.30 -0.19 1.86 -2.18 23 X Y 
119.97 20.92 14 -4.43 0.32 4.12 0.85 2.50 -0.28 23 X Y 
127.98 2.98 24 -0.62 0.22 0.40 -0.66 -0.25 -1.54 24 X Y 
120.88 19.32 41 5.64 -1.05 -4.58 -1.12 -3.06 -3.12 23 X Y 
126.66 3.69 19 4.88 -0.14 -4.74 -0.14 4.67 0.30 23 X Y 
126.20 11.08 19 1.30 0.06 -1.37 -0.06 1.24 0.12 24 X Y 
120.74 13.61 131 1.79 -1.07 -0.71 1.51 0.05 1.23 24 X Y 
125.00 2.80 203 -0.13 0.18 -0.05 -0.07 -1.30 -1.12 24 X Y 
126.43 7.14 15 -0.75 1.67 -0.92 0.43 0.32 -1.35 25 X Y 
126.42 10.80 22 3.10 -0.36 -2.74 -0.67 2.15 0.54 23 X Y 
126.40 10.68 19 1.04 -0.05 -1.00 -0.16 0.84 0.16 24 X Y 
130.00 6.62 14 0.54 3.28 -3.82 1.19 -0.94 1.15 23 X Y 
126.34 0.48 22 0.74 0.11 -0.85 -0.09 -0.08 -0.46 24 X Y 
126.49 10.51 17 3.13 0.51 -3.64 -1.08 4.90 1.08 23 X Y 
119.65 0.00 15 0.11 0.63 -0.74 -0.35 -1.04 -0.06 24 X Y 
126.92 3.37 38 4.52 0.50 -5.02 1.54 2.31 -1.61 23 X Y 
125.48 1.55 121 0.86 -0.95 0.09 -0.17 0.02 0.08 24 X Y 
122.79 8.61 23 0.35 0.23 -0.58 0.32 -1.44 -0.14 24 X Y 
126.61 5.28 90 0.25 -0.08 -0.18 -1.00 0.54 -0.13 24 X Y 
126.61 4.16 29 1.04 0.24 -1.28 -0.25 0.63 -0.06 24 X Y 
126.90 8.53 24 1.02 0.24 -1.26 0.26 0.62 0.03 24 X Y 
126.85 8.53 26 0.90 0.20 -1.10 0.25 1.21 0.07 24 X Y 
126.94 8.53 28 1.03 0.08 -1.11 0.11 0.88 -0.01 24 X Y 
123.75 7.82 599 -0.96 0.04 0.91 0.34 -0.63 -0.27 25 X Y 
122.31 10.77 16 0.61 0.82 -1.42 -3.12 -1.42 -3.36 23 X Y 
125.31 3.66 22 3.29 0.67 -3.96 -0.48 -3.45 -0.20 23 X Y 
127.10 1.50 127 -1.06 2.93 -1.87 -3.13 -5.00 3.11 23 X Y 
126.84 2.93 28 0.99 -0.16 -0.83 0.08 -0.50 -0.52 24 X Y 
125.78 0.63 25 0.69 0.40 -1.08 0.04 -1.76 -0.42 24 X Y 
126.66 2.51 36 2.12 0.26 -2.38 -0.39 -1.33 -0.48 24 X Y 
125.78 6.66 183 -0.71 -0.03 0.74 -0.05 0.99 0.28 24 X Y 
126.34 1.27 31 1.02 0.11 -1.12 -0.37 -0.87 -0.69 24 X Y 
126.91 5.87 54 2.69 0.85 -3.54 1.52 -0.97 -0.57 26 X Y 
126.96 5.75 57 1.23 0.15 -1.38 0.64 -0.37 -0.28 24 X Y 
126.32 1.73 31 4.93 -0.94 -3.99 -1.94 0.98 -3.32 23 X Y 
127.39 2.56 42 -3.05 1.21 1.83 -1.99 0.17 2.81 23 X Y 
126.31 4.41 115 -1.60 2.18 -0.58 0.23 2.27 -2.31 23 X Y 
126.63 2.48 35 0.98 -0.13 -0.85 -0.27 -0.32 -0.40 26 X Y 
121.94 7.93 16 1.55 0.17 -1.72 0.06 -2.32 -0.01 24 X Y 
126.90 2.54 36 0.81 -0.11 -0.70 -0.04 0.13 -0.53 24 X Y 
128.74 3.65 12 0.56 -0.04 -0.53 -0.02 0.67 0.09 24 X Y 
128.77 3.59 18 3.88 -0.39 -3.49 1.33 3.35 -0.06 23 X Y 
126.83 5.91 62 4.36 0.67 -5.03 1.77 -1.87 -0.64 24 X Y 
128.77 3.63 12 1.10 -0.05 -1.05 -0.19 1.16 0.33 24 X Y 
128.76 3.65 15 0.67 -0.09 -0.58 -0.34 0.94 0.16 24 X Y 
128.83 3.45 15 5.79 -0.07 -5.72 -0.96 5.50 0.93 23 X Y 
126.85 4.49 20 -2.65 -1.11 3.76 3.01 -1.27 -2.57 23 X Y 
120.86 19.30 35 2.77 -0.30 -2.47 -0.22 -1.32 -1.26 24 X Y 
126.55 9.75 31 3.51 -0.31 -3.20 0.48 0.65 0.04 23 X Y 
120.47 21.80 18 -4.06 0.78 3.28 1.05 -0.83 -1.35 23 X Y 
125.45 0.20 53 0.95 -0.39 -0.55 0.12 0.65 -0.65 24 X Y 
128.45 2.79 41 3.55 -1.38 -2.18 -0.47 1.88 3.30 23 X Y 
120.39 15.87 137 -0.65 2.17 -1.52 -0.80 -1.37 0.24 24 X Y 
126.39 1.53 40 4.54 -0.37 -4.17 -0.85 0.07 -1.72 24 X Y 
128.69 2.29 18 0.95 0.03 -0.97 0.28 0.57 0.10 24 X Y 
126.41 9.85 21 -0.64 0.40 0.24 0.52 -0.11 -0.48 25 X Y 
126.41 9.87 19 3.98 -0.57 -3.41 -0.11 1.99 0.68 23 X Y 
126.49 9.75 24 2.11 0.30 -2.41 -1.07 2.50 0.13 23 X Y 
126.36 9.82 20 -1.84 0.97 0.86 1.23 -3.88 -2.05 23 X Y 
126.45 9.94 12 -0.22 0.17 0.05 2.20 -5.00 0.61 23 X Y 
127.32 2.63 26 4.83 0.53 -5.35 -0.12 3.64 -0.31 23 X Y 
126.20 0.34 27 5.03 -1.35 -3.68 -1.42 0.61 -2.31 23 X Y 
126.46 9.85 31 6.83 -1.45 -5.38 0.19 -2.62 3.57 23 X Y 
126.16 0.81 32 1.87 0.80 -2.67 -1.52 -0.16 -1.76 24 X Y 
128.15 1.25 18 -2.47 0.12 2.35 1.33 -1.71 -2.34 23 X Y 
122.20 0.59 104 2.01 -2.00 -0.01 -4.33 1.27 -0.33 23 X Y 
125.40 5.14 186 -0.46 0.37 0.10 0.13 -0.77 -0.41 24 X Y 
120.18 18.72 26 2.56 0.71 -3.27 -1.67 1.23 -0.65 24 X Y 
127.05 8.49 18 5.38 0.20 -5.58 0.57 5.49 0.03 24 X Y 
126.67 2.26 35 3.46 -0.35 -3.11 -0.57 0.51 -0.63 23 X Y 
126.20 10.35 43 1.31 0.17 -1.47 0.22 0.56 0.19 25 X Y 
125.37 6.14 82 -0.59 3.04 -2.46 -1.02 1.12 -0.53 24 X Y 
126.54 1.25 26 -0.06 2.86 -2.80 -1.95 -1.81 -3.27 23 X Y 
120.71 13.72 128 1.43 -0.33 -1.10 0.93 -0.44 0.27 24 X Y 
126.36 1.77 42 1.93 0.09 -2.02 0.00 -0.42 -0.63 25 X Y 
125.93 10.58 45 1.87 0.18 -2.05 0.20 -1.79 0.06 24 X Y 
127.37 4.33 31 -0.70 4.14 -3.44 0.50 0.73 -3.03 23 X Y 
121.48 21.98 12 -3.54 2.89 0.65 -0.11 -0.49 -1.27 23 X Y 
126.98 1.37 136 -3.12 6.42 -3.30 -3.06 -4.26 1.31 23 X Y 
120.90 19.20 18 -4.82 0.88 3.94 -0.86 0.40 -4.00 23 X Y 
126.81 5.48 43 0.25 -0.70 0.45 -0.26 -0.29 -0.77 24 X Y 
120.39 15.13 12 -0.22 1.47 -1.25 -0.05 -0.10 -0.73 25 X Y 
125.16 11.88 53 2.51 -1.29 -1.21 -0.72 -5.12 -1.88 25 X Y 
126.67 9.74 17 1.71 0.04 -1.75 -0.12 1.78 0.08 24 X Y 
126.65 9.81 17 4.32 0.41 -4.73 -0.75 5.07 0.56 23 X Y 
126.64 9.78 19 1.74 0.07 -1.81 -0.29 1.80 0.35 24 X Y 
126.62 9.69 18 3.32 0.33 -3.65 -0.21 3.96 0.36 23 X Y 
126.72 9.76 17 1.01 0.03 -1.03 -0.16 1.01 0.19 24 X Y 
126.73 9.53 33 3.93 0.27 -4.20 -0.07 3.69 -0.30 23 X Y 
126.72 4.14 30 5.29 0.75 -6.04 -0.14 3.83 -0.03 23 X Y 
120.84 12.48 12 -0.43 4.82 -4.39 -0.76 -0.20 -0.69 24 X Y 
123.58 2.07 340 -0.64 3.19 -2.55 -0.31 -2.13 2.21 24 X Y 
127.07 8.79 21 3.60 -0.18 -3.42 0.23 2.83 0.23 23 X Y 
120.68 18.81 54 1.88 -0.29 -1.59 -0.16 -0.79 -1.16 24 X Y 
125.81 11.68 36 3.34 0.66 -4.00 -0.10 2.78 0.72 23 X Y 
120.87 19.46 30 1.12 -0.11 -1.01 -0.70 -0.94 -0.68 24 X Y 
122.16 1.16 46 4.95 -5.40 0.45 -1.15 -0.09 0.17 23 X Y 
126.54 6.22 88 1.37 0.40 -1.77 -0.65 1.17 0.17 25 X Y 
126.55 6.14 82 0.04 1.52 -1.56 -0.72 0.93 -0.37 24 X Y 
124.02 6.51 466 -0.63 -0.00 0.63 -1.35 -1.99 0.16 24 X Y 
126.79 5.74 57 3.42 0.90 -4.32 0.86 -1.80 -1.22 23 X Y 
127.19 8.25 27 2.49 0.26 -2.75 -0.08 2.85 0.02 23 X Y 
124.97 9.69 43 3.03 -0.33 -2.70 1.37 -0.87 -3.07 23 X Y 
124.09 9.15 546 -0.77 -0.06 0.83 -0.26 -0.52 0.02 25 X Y 
126.10 0.55 30 1.74 1.20 -2.94 -0.80 -0.51 -1.40 26 X Y 
126.35 9.44 55 3.38 1.66 -5.05 2.67 0.87 -2.15 23 X Y 
126.24 0.68 27 4.00 0.50 -4.50 0.23 -0.83 0.44 23 X Y 
126.36 0.81 28 3.56 -0.58 -2.98 -0.69 0.10 0.86 23 X Y 
126.23 0.52 27 0.45 2.18 -2.63 -1.00 0.49 -3.68 24 X Y 
126.38 0.35 20 0.80 -0.20 -0.60 0.29 0.34 -0.09 25 X Y 
126.21 0.82 31 3.22 0.89 -4.11 -0.48 -0.65 0.11 23 X Y 
125.01 6.86 21 -0.16 3.31 -3.15 -1.20 -0.60 -0.84 24 X Y 
125.07 6.86 27 -0.62 3.83 -3.21 -0.99 -0.18 1.74 23 X Y 
125.08 6.81 18 -0.30 3.05 -2.75 -0.97 -0.89 1.59 23 X Y 
125.03 6.88 22 -0.17 4.80 -4.62 -0.68 -0.59 -1.09 23 X Y 
126.49 0.38 28 2.73 0.17 -2.90 -1.76 1.94 -0.94 23 X Y 
126.37 0.15 21 0.96 -0.50 -0.46 0.90 0.10 -0.50 24 X Y 
125.94 9.35 12 -1.02 3.65 -2.63 -0.44 0.43 5.12 24 X Y 
126.32 0.16 22 1.06 -0.34 -0.72 0.54 -0.12 -0.71 24 X Y 
121.73 20.80 13 -0.04 0.63 -0.60 -0.33 -0.37 -1.19 24 X Y 
121.78 20.84 15 0.03 0.58 -0.62 -0.50 -0.30 -0.84 25 X Y 
121.89 20.83 17 -0.68 3.73 -3.05 0.02 0.12 -3.43 24 X Y 
121.98 20.84 21 -0.17 0.73 -0.56 0.05 0.20 -0.33 24 X Y 
125.94 6.08 152 -0.33 0.23 0.10 0.40 1.39 -1.31 24 X Y 
124.95 12.87 24 -0.77 3.24 -2.47 1.44 2.13 0.10 23 X Y 
125.05 12.90 21 -0.37 2.55 -2.18 1.74 2.44 -0.05 23 X Y 
126.17 2.32 48 5.47 0.55 -6.02 3.39 -1.82 1.75 23 X Y 
126.83 7.35 55 5.37 1.18 -6.55 1.41 -0.71 -1.62 23 X Y 
126.64 2.41 45 3.93 -0.17 -3.77 -0.60 -2.12 -1.64 23 X Y 
126.01 0.21 28 4.54 -3.71 -0.82 0.73 -2.20 -2.32 23 X Y 
116.14 14.76 12 1.06 -0.05 -1.00 -0.19 -0.10 -0.26 24 X Y 
125.38 6.03 36 3.84 0.91 -4.75 -1.74 -2.98 0.73 23 X Y 
120.85 13.61 184 -1.76 1.64 0.11 -2.80 -1.52 0.36 23 X Y 
126.34 6.60 57 -3.40 1.17 2.23 0.75 2.68 -3.07 24 X Y 
126.79 4.08 29 3.57 0.22 -3.79 -0.69 1.72 0.35 24 X Y 
122.19 15.03 52 0.07 0.98 -1.05 -0.55 0.34 0.39 24 X Y 
126.61 5.40 30 2.46 0.38 -2.84 0.74 2.86 -0.06 24 X Y 
126.58 5.65 77 -0.07 1.09 -1.02 -1.91 1.98 0.04 25 X Y 
126.58 5.62 84 0.64 0.29 -0.94 -0.62 0.26 0.34 24 X Y 
125.04 6.85 21 -0.40 3.61 -3.22 -0.86 -0.56 0.12 23 X Y 
125.01 6.86 17 -0.35 5.26 -4.91 -0.80 -0.45 1.46 25 X Y 
124.94 6.88 16 -0.30 1.61 -1.31 0.47 -0.98 0.48 24 X Y 
126.49 7.26 123 0.56 0.19 -0.75 0.37 0.36 0.24 24 X Y 
126.30 5.21 87 2.71 0.37 -3.08 -2.71 -0.73 2.47 23 X Y 
125.12 4.85 32 3.30 -0.31 -2.99 0.66 0.54 -1.10 23 X Y 
125.08 6.80 25 -0.45 4.75 -4.30 0.60 1.42 1.09 23 X Y 
124.92 6.68 15 -2.65 5.87 -3.22 -1.79 1.86 2.57 23 X Y 
125.19 6.68 24 0.07 4.70 -4.76 -2.10 0.71 0.12 23 X Y 
125.17 6.76 21 0.35 5.98 -6.33 -3.64 0.62 -1.77 23 X Y 
124.24 1.13 248 0.50 1.54 -2.04 2.92 1.94 -1.36 24 X Y 
125.05 6.87 18 0.03 0.97 -0.99 -0.18 -0.03 -0.25 26 X Y 
124.95 6.86 22 -0.16 0.63 -0.47 -0.20 -0.06 0.68 25 X Y 
124.94 6.92 17 -0.03 1.68 -1.65 -0.81 0.05 -0.67 24 X Y 
126.36 1.46 31 1.80 -0.29 -1.51 -0.17 0.26 -0.70 24 X Y 
125.10 6.98 12 -2.31 6.78 -4.47 0.78 -1.60 1.59 25 X Y 
127.23 3.29 16 2.16 -0.17 -1.99 -1.06 4.15 -0.24 24 X Y 
120.87 19.27 38 0.91 -0.14 -0.77 -0.18 -0.36 -0.41 24 X Y 
122.61 14.98 24 -2.41 1.75 0.67 -0.31 -1.04 1.57 24 X Y 
126.31 5.66 89 5.82 -0.29 -5.53 1.23 0.45 -2.19 23 X Y 
125.60 10.78 32 -0.41 0.80 -0.38 0.44 0.66 -0.01 24 X Y 
127.40 4.93 58 3.57 1.47 -5.03 1.59 0.65 2.84 23 X Y 
127.06 1.53 105 -0.03 1.43 -1.40 -0.30 -0.93 -0.54 24 X Y 
123.46 1.58 29 3.05 -3.01 -0.04 -1.26 1.45 0.59 23 X Y 
126.32 1.66 30 4.94 -1.00 -3.95 -1.84 -0.56 -2.31 26 X Y 
126.15 1.64 36 0.99 0.28 -1.27 0.11 -0.26 -0.51 25 X Y 
126.42 1.71 30 3.63 -1.09 -2.54 0.29 0.17 -1.10 24 X Y 
126.26 1.80 33 4.40 -1.11 -3.29 -0.55 0.43 -0.89 24 X Y 
126.37 1.71 26 3.01 -0.88 -2.13 -0.38 1.25 -0.62 24 X Y 
126.10 1.72 26 1.12 -0.01 -1.10 -0.74 -0.82 -0.50 25 X Y 
126.21 1.72 33 4.62 -1.83 -2.79 -0.54 -1.05 -1.43 24 X Y 
126.44 1.78 30 1.86 -0.52 -1.34 0.00 0.09 -0.26 24 X Y 
126.26 1.78 29 2.12 -0.24 -1.88 -1.12 0.54 -1.05 24 X Y 
126.23 1.73 30 2.02 -0.67 -1.36 -0.51 0.17 -0.57 24 X Y 
126.29 1.74 27 2.70 -0.22 -2.49 -0.57 0.56 -1.22 24 X Y 
126.25 1.69 29 0.67 0.18 -0.85 -0.54 0.09 -0.71 25 X Y 
126.41 1.81 33 0.86 -0.15 -0.71 -0.13 -0.10 0.03 24 X Y 
126.08 1.72 32 4.53 0.00 -4.54 -1.80 -0.16 -0.29 23 X Y 
126.26 1.65 34 1.68 1.27 -2.95 0.31 -0.92 -2.72 23 X Y 
126.24 1.84 30 4.51 0.28 -4.79 -0.29 -2.16 -1.88 23 X Y 
126.45 1.66 30 -0.32 3.44 -3.12 0.09 -0.01 -3.13 23 X Y 
126.16 1.80 27 0.67 0.01 -0.68 -0.16 -0.28 -0.20 25 X Y 
126.22 1.89 31 3.07 0.44 -3.51 -1.10 -1.81 -0.62 23 X Y 
124.87 7.69 15 -0.16 0.93 -0.77 -0.17 0.02 -0.26 25 X Y 
126.78 5.48 41 2.46 -2.08 -0.38 -2.08 0.64 -2.64 24 X Y 
125.14 6.72 12 -0.02 1.48 -1.46 -0.67 -0.02 -0.13 26 X Y 
125.20 6.47 26 1.62 3.93 -5.55 -4.33 0.85 -1.34 24 X Y 
127.22 1.80 117 0.49 0.54 -1.03 -1.19 -0.83 -0.44 24 X Y 
125.37 6.59 12 -1.63 4.02 -2.40 -2.08 1.53 -2.57 23 X Y 
125.36 6.55 12 -0.35 1.44 -1.09 -1.12 1.18 -0.60 24 X Y 
125.29 6.57 12 -0.69 1.68 -0.99 -2.63 0.93 -2.03 23 X Y 
126.73 4.03 27 -0.20 0.55 -0.34 -0.46 0.73 0.26 24 X Y 
122.63 11.18 31 -1.97 2.96 -0.99 -2.23 -0.99 -3.74 23 X Y 
125.30 4.72 21 1.08 0.15 -1.23 0.19 -1.25 0.20 24 X Y 
126.29 6.09 76 0.76 0.25 -1.01 -0.50 0.13 -0.53 24 X Y 
125.32 5.17 27 2.49 -2.41 -0.08 -0.18 -4.39 -2.45 23 X Y 
126.16 9.45 45 -3.20 1.79 1.41 -0.31 1.68 1.35 23 X Y 
126.36 0.79 28 3.00 1.44 -4.44 4.27 -3.66 -3.68 24 X Y 
125.15 6.57 29 0.77 4.41 -5.18 -2.37 -0.18 0.70 23 X Y 
126.58 5.41 29 1.23 0.24 -1.46 0.52 1.05 -0.07 25 X Y 
121.11 20.26 29 2.43 0.76 -3.19 -1.14 -1.54 -0.46 23 X Y 
126.37 1.67 27 1.09 1.07 -2.16 1.44 0.58 -0.16 24 X Y 
125.64 5.66 196 1.14 0.06 -1.20 -0.98 1.00 0.40 24 X Y 
126.73 5.42 22 0.72 0.06 -0.78 0.21 0.46 -0.00 24 X Y 
126.70 5.46 25 1.05 0.19 -1.24 0.39 0.66 0.13 24 X Y 
126.95 5.38 36 5.58 -0.63 -4.95 0.25 1.78 0.67 23 X Y 
125.87 3.79 125 0.96 0.02 -0.98 -0.43 2.59 -1.67 24 X Y 
128.09 3.19 147 0.70 0.53 -1.23 0.50 -0.29 -0.27 24 X Y 
124.55 11.37 17 -0.14 1.69 -1.56 0.02 0.29 -0.59 24 X Y 
121.91 7.69 26 3.58 0.01 -3.59 1.30 -0.76 0.44 23 X Y 
125.86 11.88 27 2.28 -0.24 -2.04 -0.33 2.52 0.31 23 X Y 
118.98 14.66 13 -5.80 -0.92 6.71 -1.95 3.68 -0.61 23 X Y 
127.90 3.23 104 0.78 0.61 -1.39 0.69 -1.33 -0.28 24 X Y 
124.01 14.72 24 3.52 -1.85 -1.67 -2.11 4.68 2.10 23 X Y 
121.98 1.60 28 3.88 -4.74 0.86 -5.22 0.06 0.10 23 X Y 
125.04 5.69 60 1.46 0.25 -1.71 0.41 0.51 -0.08 25 X Y 
125.98 10.97 28 3.75 -1.08 -2.67 -0.90 1.30 0.90 23 X Y 
126.33 1.53 41 1.28 -0.31 -0.98 -0.31 -0.31 -0.49 25 X Y 
122.11 20.44 174 0.60 0.05 -0.64 0.38 -0.68 0.03 25 X Y 
126.56 5.68 92 2.58 0.29 -2.87 -4.72 3.90 1.83 23 X Y 
126.87 0.33 26 -0.03 2.15 -2.12 0.90 1.13 -2.19 23 X Y 
121.87 19.94 15 1.68 -0.45 -1.23 0.84 -0.88 -2.79 23 X Y 
126.68 1.20 47 -0.11 3.74 -3.62 -0.42 0.80 -3.83 24 X Y 
126.15 3.98 28 1.13 0.31 -1.44 -1.80 -1.11 7.00 23 X Y 
126.89 5.73 57 0.10 0.79 -0.89 0.03 0.38 0.47 24 X Y 
120.24 14.16 93 -0.27 0.28 -0.01 0.64 -0.87 0.05 24 X Y 
126.18 5.15 86 2.53 0.76 -3.29 -0.81 3.81 -2.31 23 X Y 
121.70 15.58 35 3.57 0.16 -3.73 2.30 3.67 -1.22 23 X Y 
120.19 16.71 87 -1.53 5.87 -4.33 -1.59 2.78 3.02 23 X Y 
126.66 4.05 41 2.84 -0.01 -2.84 0.73 1.61 -1.02 24 X Y 
128.15 2.98 121 1.31 4.61 -5.92 2.91 2.89 2.49 25 X Y 
126.27 1.35 31 4.73 0.12 -4.85 0.93 1.12 -0.47 23 X Y 
121.00 12.87 23 0.12 0.59 -0.71 -0.39 -0.10 -0.17 24 X Y 
126.69 9.20 27 3.07 0.31 -3.39 -0.07 2.86 0.70 23 X Y 
128.17 2.80 134 2.72 0.67 -3.39 1.00 1.09 0.65 23 X Y 
121.80 7.78 33 -0.08 5.05 -4.97 -0.85 1.20 -0.99 23 X Y 
128.07 1.37 129 1.00 -0.34 -0.66 0.16 0.33 -0.63 24 X Y 
120.12 17.23 13 -3.50 3.73 -0.22 -0.53 -2.65 -0.74 23 X Y 
123.71 0.02 98 0.62 -0.84 0.22 1.05 0.47 -0.04 25 X Y 
121.01 19.16 28 0.30 0.18 -0.48 -0.76 -1.45 -0.20 24 X Y 
116.09 6.75 615 -0.04 -0.73 0.77 -0.09 -0.26 -0.10 24 X Y 
122.71 4.14 584 -1.44 0.44 1.01 -0.93 -6.28 -0.69 23 X Y 
126.78 6.37 92 1.05 -0.26 -0.80 0.72 0.29 1.09 24 X Y 
126.49 8.90 52 5.89 0.91 -6.79 1.83 1.19 0.43 24 X Y 
126.81 8.44 34 3.76 0.33 -4.09 -0.69 3.23 0.64 24 X Y 
124.05 7.26 492 -3.46 -0.64 4.10 -1.37 -2.30 -0.69 25 X Y 
126.62 2.43 39 4.26 -0.94 -3.32 0.10 -1.13 -0.48 23 X Y 
124.73 0.94 154 -0.60 -0.45 1.05 -2.14 -0.14 -2.42 23 X Y 
124.06 12.01 25 -0.57 5.01 -4.45 -1.15 -0.65 -1.30 23 X Y 
126.36 1.37 40 4.89 1.49 -6.38 -0.92 0.02 0.28 23 X Y 
121.12 19.98 24 0.89 0.19 -1.08 -0.71 -1.11 -0.35 24 X Y 
122.10 20.28 19 -0.15 3.86 -3.72 0.90 0.89 -2.51 23 X Y 
122.89 1.69 424 0.07 0.31 -0.39 0.79 0.04 0.58 24 X Y 
123.23 6.37 586 -0.27 -0.09 0.36 -0.31 -0.95 0.29 24 X Y 
123.98 12.04 12 -0.08 1.06 -0.98 -0.07 -0.01 -0.31 26 X Y 
124.11 11.89 12 5.53 1.64 -7.18 -1.62 -0.35 0.73 23 X Y 
126.43 1.97 37 0.96 -0.58 -0.38 -0.61 -0.39 -0.37 25 X Y 
125.82 6.28 125 3.93 0.50 -4.44 -1.58 1.27 0.12 25 X Y 
126.56 4.15 24 0.99 0.60 -1.59 -2.03 -0.14 -0.94 24 X Y 
126.66 4.22 21 5.28 0.77 -6.05 -3.24 2.01 -3.05 24 X Y 
126.76 2.63 34 0.74 -0.09 -0.64 -0.02 -0.62 -0.59 24 X Y 
125.66 6.66 179 -4.14 2.88 1.26 1.51 0.60 -1.72 23 X Y 
126.94 9.25 12 3.00 -0.03 -2.97 -0.35 2.56 0.56 24 X Y 
127.03 9.25 19 1.00 -0.03 -0.96 0.10 0.94 0.13 24 X Y 
126.86 9.31 23 0.88 -0.01 -0.86 -0.10 0.59 0.08 24 X Y 
126.87 9.13 28 3.04 -0.18 -2.86 0.05 2.28 0.30 23 X Y 
126.95 9.19 33 3.87 -0.87 -3.00 -0.07 1.22 0.32 23 X Y 
126.77 9.14 21 0.74 0.10 -0.84 0.05 0.62 0.11 24 X Y 
120.59 13.73 132 1.58 -0.61 -0.98 2.01 -2.72 0.14 24 X Y 
125.48 0.50 32 2.96 -0.02 -2.94 -0.55 -2.49 0.51 23 X Y 
120.08 13.74 27 -0.22 1.05 -0.83 1.11 0.28 -0.96 24 X Y 
121.44 0.57 112 0.57 2.30 -2.86 -4.68 -4.91 0.79 23 X Y 
120.56 14.35 168 3.06 -3.69 0.63 -1.62 -1.24 -0.14 23 X Y 
126.26 9.99 44 4.17 1.01 -5.18 0.62 2.30 0.55 23 X Y 
126.59 5.27 34 3.99 0.70 -4.69 1.38 1.71 -0.49 23 X Y 
121.72 21.58 18 -0.60 4.35 -3.75 1.39 -0.44 -2.71 23 X Y 
121.70 21.57 25 -0.37 3.22 -2.86 -0.43 -0.06 -1.70 23 X Y 
126.11 10.23 54 -0.65 0.05 0.59 -0.18 0.74 0.31 24 X Y 
122.57 4.12 577 -3.21 0.73 2.48 0.56 -7.27 0.05 23 X Y 
124.13 11.80 23 -0.11 4.93 -4.81 -1.93 -0.28 -1.08 23 X Y 
126.56 8.59 55 1.09 0.16 -1.25 0.28 0.18 -0.05 25 X Y 
127.42 1.95 121 0.77 2.82 -3.59 -4.25 -2.85 2.68 23 X Y 
125.35 5.23 26 1.45 -0.14 -1.31 0.39 -1.99 0.52 25 X Y   
120.53 13.89 114 2.35 -0.64 -1.71 1.34 1.56 2.25 25 X Y   
122.28 13.46 13 -0.09 1.09 -1.00 -0.25 -0.02 0.10 24 X Y  
